14

C -0.442449421 -0.570721328 0.610238254
H -0.610170722 1.484753251 1.572406173
C -1.045764565 0.337434143 -0.439327955
N -0.563057184 0.580804765 -1.746442199
H 1.352475047 -0.293938398 1.828254342
N 2.749961138 0.441760093 -0.954126060
H -0.515772939 -0.262461483 -2.298366308
O -0.991750002 -1.633729935 1.247753263
H -0.747289300 -2.407861233 0.741885662
C -0.330510259 0.755963087 0.846908748
H 0.352193654 1.013474941 -1.782055378
H -2.122652292 0.389585257 -0.333591431
C 0.955568612 -0.040424578 0.849178553
C 1.959218144 0.205361724 -0.142715290
