16

C -0.316268474 -0.628817558 -1.642272830
C 0.771201909 0.086975291 1.596577287
N 0.953051686 -1.092987537 -1.831223488
H 0.196138650 1.418678880 -1.255071163
H -2.280503988 1.267334223 -1.574962020
C 1.849059463 -0.618765652 3.823632479
C -0.393504709 0.642726123 -0.744055688
C 0.246736795 0.369543970 0.541178763
H -2.440685272 0.396101087 -0.036604032
C -1.832435489 1.127285123 -0.591682196
H -1.858174682 2.083261490 -0.043843601
H 2.301841736 -0.916519284 4.748542786
C 1.342124224 -0.275683165 2.779821873
H 1.084618688 -1.859080434 -2.468890667
H 1.678338766 -0.879186630 -1.161113381
O -1.301539063 -1.120865464 -2.140035152
