16

C 0.763208270 -0.197642878 0.876720130
C 1.812626481 -1.184176207 0.486055523
C -1.839293599 0.509790540 -1.801026225
H 2.168342829 -1.024622798 -0.537832618
H -1.903410316 0.136100501 -2.830084562
N -0.493205339 1.241132140 2.123574257
N -0.626856089 -0.048273530 -1.176522255
H 1.163828373 0.412788719 3.010726929
C 0.555150867 0.481497228 2.117546558
H -1.832158089 1.597164392 -1.815733552
C -0.286224961 0.258978426 0.108178325
H 1.448488355 -2.224169493 0.535065114
H -2.718231916 0.166870147 -1.260055780
H 0.169087023 -0.109961696 -1.801237226
O -1.057180047 1.098574281 0.809942484
H 2.675828934 -1.114049792 1.154683232
