18

C -0.544923544 -0.844395101 1.654140353
H -0.158059642 2.190707922 0.896916151
H -1.048540235 -0.843904972 -1.687274218
N -1.268142462 -0.952363551 0.386924386
C -0.681505620 1.459149957 0.294000357
H 0.533995509 -0.829799950 1.656664968
C 1.534576654 0.162295252 -0.378553241
C 1.266747236 0.255165160 -1.727037072
C -1.280334830 0.320534736 1.137614608
C 1.027994871 -1.111655831 -1.045763850
C -0.442980498 -0.695261061 -0.801126957
C 0.154236794 0.705929220 -0.711089849
H 2.263653755 0.470702797 0.261428684
H 1.771714211 0.659175575 -2.559077501
H 1.538773179 -2.030286551 -1.222335339
H -1.483476162 1.976188302 -0.225135371
H -0.969628394 -1.454387188 2.447823286
H -2.214100599 0.562205017 1.621880293
