25

H 0.399566263 -0.047519807 2.676026106
C -0.370117188 -1.657275558 -1.772410393
H 1.625342846 0.464107186 0.819275916
H -0.234011590 -3.379376411 -3.052380323
H -1.999207854 1.544461131 1.684601903
H 0.188522920 3.130922556 0.465244114
C -0.293446362 0.448276997 -0.215562999
H -0.708566606 1.256182909 -0.828019679
C 0.353549004 -0.520782292 -1.195501328
H -1.241116405 -1.113599896 0.726000965
H 0.133546248 1.693566799 2.858916998
H 1.440734982 -0.620807469 -1.090914249
H 1.759330869 2.899286270 1.241465569
C -1.476725101 0.591874182 1.813689113
H -2.020398617 0.021274148 2.565163851
O -0.081232175 -0.493823916 -2.550642729
H 1.332693219 -2.709506512 -2.568775654
C 0.308717281 -2.919652700 -2.223822355
C 0.002646543 0.848465145 2.179462671
H -1.416085362 -1.762012839 -1.479637265
H 0.370703608 -3.647119284 -1.422095776
C 0.701248229 1.046121955 0.823113501
N -1.415282488 -0.134091452 0.535542727
H 1.565581560 2.564906120 -0.480741233
C 1.074006319 2.496122122 0.492000043
