23

H -1.817498446 -0.018691923 0.895922780
C -1.064950228 -0.482433289 1.557338357
H 2.376186132 0.167970091 1.985200763
H -0.053578380 1.996564746 -0.943776488
H -1.193304420 -1.567360282 1.489429235
C -0.914453924 1.693202734 -1.550905228
H 1.789438844 -0.321868539 -0.427783608
C 1.407026172 -0.266365439 2.270804882
C 0.835792005 -0.778294027 -0.114405379
N 0.382414281 -0.347040623 -2.619773865
C -0.103678785 -0.845607102 -1.310207129
H 1.565510273 -1.335181355 2.469968796
H 1.088925719 0.203811109 3.211867809
C -0.814886391 0.261764735 -2.007177353
H -1.720191479 -0.050360363 -2.555397272
H 1.179920316 0.271654695 -2.480997801
H -0.962219775 2.363785744 -2.422585487
H 1.083737612 -1.814004540 0.157451347
H -0.632806599 -1.803812385 -1.368090868
H -1.300468206 -0.173494428 2.577131033
H -1.817135334 1.866658330 -0.944725692
C 0.357148677 -0.046855375 1.167291284
H 0.329071760 1.025957108 0.963418841
