19

O -0.120684281 0.984865010 -0.535361290
C -0.449794948 -1.182144284 0.577239752
C -1.062638998 -1.582999587 -0.781849086
H 1.626359224 0.941458881 -1.653163791
H -1.251466274 -1.218266964 1.332280874
H 1.325971723 0.058831096 0.641312480
H 0.282455713 -1.955455899 0.867192447
C 0.223500878 0.208864033 0.624164701
C -0.069406062 -1.835805416 -1.818292499
C -0.183448017 1.011549234 1.860781193
H 0.273426354 2.013746500 1.849046707
H 0.601279318 2.412639141 -1.788243771
H 0.132198498 0.497400671 2.780882835
H -1.739349842 -0.791032791 -1.122801304
H -1.275434017 1.138682723 1.887157321
H 1.612976313 2.169799328 -0.343903601
C 0.988679647 1.655250907 -1.091351628
H -1.660066843 -2.500575304 -0.663952231
N 0.745441377 -2.026806831 -2.621138811
