17

C 0.606926918 -0.762858510 1.386108518
H 0.831407249 0.148421735 -2.819999933
O 1.035837889 1.169981718 2.842516422
H 1.371254206 0.625991821 -1.146917820
H -0.834501803 2.419219255 1.193023562
C -0.440737933 -0.877648473 0.269385010
H -1.252685547 -1.561298966 0.528544486
C -0.862008274 0.426093757 -1.420110345
C -0.871894419 0.551952243 0.068672933
H -1.571338296 0.778879106 -2.151477337
H -0.405159712 -1.849221587 -1.860555053
C -0.219128042 -0.973803043 -1.265240669
H 0.486034483 -1.484758139 2.192191601
H 1.624170303 -0.867196083 0.993392885
C 0.602953017 0.175407618 -1.763093114
C -0.543940961 1.395073295 1.036960483
C 0.442810655 0.685764551 1.916598201
