19

C 0.002780059 1.559056640 -0.095236048
H 2.089057207 0.596479654 -0.192953497
H -1.238212347 -1.540198088 -2.518466711
N -0.141747341 1.413782001 2.053262234
H -0.319027603 -2.791332245 -1.666133642
H -0.414717019 -1.554022670 1.222403765
H 0.842556238 -0.550400138 -1.390459180
N -0.750867486 1.992367625 1.066849232
H -0.036240604 2.259601831 -0.938374698
H 1.341991663 -0.021573164 2.401520014
C 0.761779428 0.362186670 1.571515799
C -0.069299281 -0.806423128 -0.844740272
H -1.788650870 -2.119616747 -0.938656271
H -1.927002072 0.285482317 -0.063593574
C 1.429490447 1.173393130 0.462786347
C -0.843331814 0.243447676 -0.130573213
C -0.011300610 -0.688581526 0.700238407
H 1.969237089 2.057658672 0.828419685
C -0.896495283 -1.871309042 -1.527807951
