19

H -2.504219532 0.767004430 -0.799449861
C 1.835043788 0.715367973 -0.544057369
H -0.322001606 -0.251755804 -2.640411854
C -0.426708400 -0.189141348 -1.568892837
H -1.545853019 -0.452309996 1.980544448
C -0.154132023 -1.134123206 -0.407985091
C -1.567777514 0.259295672 -0.596820831
H -1.654334307 -2.206086397 1.733474970
H 2.007604122 1.692221761 1.419848204
H 0.485638052 -1.994684339 -0.270358384
N -1.563105583 -1.096157551 -0.039046396
H 2.394916534 0.114463732 -1.257403970
C 2.539469719 1.431954145 0.514405072
H -3.062737465 -1.190472484 1.400216341
O 2.101485491 2.115640402 -0.661536276
C -1.970719576 -1.234151363 1.343678951
O -0.625011206 1.035160422 0.220150158
H 3.609701872 1.302678585 0.605076194
C 0.422740489 0.315094680 -0.431431025
