15

C 0.154639110 -0.502771318 1.251691699
C -0.843495369 1.642198801 -1.678075075
H 0.032141320 1.587573647 -2.332544327
C -0.107942395 -0.146887660 -0.180642202
C 1.225137711 -1.457029462 1.616803408
H 1.845419168 -1.893291831 0.841175735
N 0.048668716 -0.916092455 -1.195180535
H 0.260554254 -1.869743228 -0.871348083
H -1.634825230 1.042580843 -2.147630215
H 1.694097161 -1.380993843 2.590211153
H -0.145989865 0.226711050 1.997418284
H -0.694785357 1.713194489 0.437697262
H -1.168828130 2.680450916 -1.585110188
O -0.144768193 -1.862012625 1.627166390
N -0.520023346 1.136112452 -0.371633708
