19

H -1.857915521 -0.670653582 -0.801431775
C 1.451257825 -1.521609306 -1.360234976
C -0.154709071 0.673657954 -0.278492033
C 1.226396561 0.827573061 -0.935356915
C -0.775192320 -0.578364015 -0.847498715
O 1.993966579 -0.367654920 -0.868679762
H -1.803756833 -0.547445416 1.807050228
H -1.278314590 0.578298628 3.065157652
C -0.072953373 0.667055190 1.260381460
H 1.114250541 1.128557682 -1.972514272
O 2.164535522 -2.432029486 -1.706468582
H -0.454452872 -2.458664894 -1.768119335
H -2.160403728 1.173838615 1.642817974
H 0.353166103 1.623030186 1.571223855
H -0.763204515 1.536833882 -0.589265108
C -1.407854319 0.457949668 1.983700275
H 1.821356297 1.576471806 -0.412773073
H 0.636188030 -0.109132171 1.569623351
C -0.032360628 -1.557712793 -1.359121442
