25

C -0.997923672 -1.539604545 -0.657867610
H -2.452508688 0.499389261 2.974789619
H 2.206679583 -1.966402531 -3.977936745
H -1.540917993 2.554188013 3.801549911
C 1.055295706 -0.291394025 -1.412786245
H -1.530283213 -1.948715210 0.200031474
H -0.082575656 2.445015430 2.819715261
H 3.023695707 -0.601581812 -3.169632912
H 1.482321143 -0.338847995 -4.025645256
H -0.742216945 0.154624775 3.326681852
C -1.420740247 0.718240857 2.668450117
C -1.154422402 2.218195438 2.832829237
O 1.348185539 -1.406103373 -2.229988575
H -0.717344761 -2.358914852 -1.320965886
H 0.730812311 0.563310742 1.445862889
H 0.894307554 -1.458629847 0.362117559
H -0.128661186 1.349928021 0.111433774
H 0.480048925 0.461867869 -1.976481557
O -1.327002883 0.235440657 1.354315996
C -0.077340357 0.426655412 0.711258411
H -1.687802672 -0.883510828 -1.191682100
H -1.639121771 2.780301094 2.035040379
C 2.046471119 -1.050757527 -3.399432421
C 0.245458424 -0.767622471 -0.205364659
H 1.985586047 0.204927653 -1.076291203
