18

C -2.384334803 -1.614729762 -0.893487334
H 2.472672462 3.101305723 -0.278422058
H -3.140132666 -1.628336668 1.217535377
H 3.919880390 2.335538387 0.439651698
H -1.823174238 0.266349822 0.180495217
H -1.867839456 -2.295598030 -1.562513709
C 0.897607327 1.168314457 0.528521836
C 0.879503787 -0.239455357 0.012843283
O -0.051150046 1.901131988 0.559940457
C 2.944694519 2.149497986 -0.021490088
C -2.308649302 -1.879514933 0.577964723
N -0.126491353 -0.979992986 -0.159586728
H -1.741351724 -2.768379688 0.895471036
C -1.503809452 -0.750707507 -0.018369107
H 3.088853598 1.533516407 -0.922034204
H 1.883077741 -0.606492102 -0.213365197
O 2.147380114 1.465339899 0.951938570
H -3.286737204 -1.157787561 -1.295093894
