21

O 1.903596640 -1.079076529 -0.383355081
C -0.224344611 -0.935781002 0.708832741
H 1.029438853 1.492702723 1.623617768
H 2.129400253 0.123159565 1.962131143
H -2.254093647 1.507510781 -1.574861169
H -1.875567555 -1.959973693 -0.378681183
C 1.692899346 0.747293949 1.164901257
C 0.208709344 0.666485906 -0.956896484
H -0.002062340 -1.627377629 1.527003169
H 0.265551001 1.753203630 -0.816624463
C -0.955943823 -1.413389206 -0.584209740
H -1.121765375 1.085139275 1.350105405
C -1.330494404 0.149817348 0.824643493
H 0.576190174 0.422836035 -1.963796377
C -1.220536113 0.115821138 -0.727225900
H -2.286242485 -0.258046389 1.174781442
H 2.510537148 1.290474415 0.683779836
H 2.590651274 -0.579390585 -0.851770937
C 0.970136762 -0.135423183 0.144233495
H -0.364633411 -1.906807899 -1.351621866
O -2.241426706 0.540821314 -1.574986100
