13

C -0.790945768 0.327335477 -0.973273814
N 2.030517578 -0.899839759 -0.696387112
H 1.225283861 0.423723191 2.853317022
N 1.469122291 -0.352955163 -1.619924664
C 0.317157447 0.501204252 -1.670741200
C 0.443276495 -0.107994743 1.236232758
C -0.840629280 -0.213314921 0.402317911
H -1.742003798 0.544639945 -1.464596152
N 0.352499694 0.022303548 2.481082916
N -1.899538517 -0.657327294 0.970683396
H 0.424490452 1.242110014 -2.480374575
H -2.679614782 -0.650300264 0.288819641
O 1.690384507 -0.179584354 0.672843993
