20

O 0.142265648 -3.589105844 1.895032763
C 0.935352862 -1.060395002 -0.436361045
C 0.133939028 -2.515360594 1.359690070
H 0.054292753 2.813231468 1.624459743
H -0.908985972 1.584382892 -1.865536928
H 0.125688598 0.303475946 -2.637465000
C -0.309589177 0.837334871 0.808738708
O 0.539870501 -2.340769291 0.093350999
H 1.165413260 2.374255419 0.321274698
H 1.815663695 -0.706618845 0.126359150
H -0.249757782 -1.594554424 1.834223747
H -1.350787640 0.768859267 1.124490619
H -0.500212133 2.854788065 -0.041950367
H 1.249726534 -1.297027111 -1.455322981
N -1.385897040 -0.394748390 -1.168907523
H 0.289657593 0.384319842 1.607030749
C -0.482447594 0.592674553 -1.793706656
C 0.128896505 2.291409969 0.668767750
C -0.149551466 0.002862225 -0.464792252
H -1.243538022 -1.309015036 -1.599376202
