16

H -1.751923084 -0.525613070 0.966586411
N -0.931384981 -0.966257513 -2.739163637
N -0.413281709 -0.273462653 -0.587008417
H 1.645579338 2.061496735 1.893914342
C 1.428464413 1.046519399 2.242736816
H 1.150630355 1.097906709 3.299529076
H 2.344225407 0.459725976 2.157471895
N 0.329633534 0.447177947 1.504919887
C -0.147023737 -0.374753267 -1.937187910
H -0.527964234 -0.965337396 -3.667557716
H 1.373005867 0.749422014 -0.284874618
C 0.495931655 0.352145106 0.244562894
H -1.640982628 -1.924779415 -0.150739670
C -1.653429151 -0.837858856 -0.072565883
H 0.792275608 0.111936167 -2.199249506
H -2.493756533 -0.458267897 -0.671373487
