14

N -0.163776696 2.014281034 0.449477971
H 1.532764912 -0.362577677 -0.596756220
C -0.559325814 -0.779986203 -0.227906585
H -0.179464117 -1.289974689 3.429415464
H 0.459784001 0.039038174 -1.930783033
H 0.007359636 2.989569187 0.625864565
C -0.275437415 -1.134574413 2.381168365
H 1.255946636 2.153831720 -1.057134032
C 0.571592033 1.551184535 -0.465479881
C -0.413566858 -0.950394809 1.205371618
O -0.563115478 -2.076240540 -0.810724199
H -0.717450857 -1.968188167 -1.749068856
H -1.515372515 -0.274713516 -0.414321631
C 0.560062587 0.088745065 -0.839123070
