25

H 2.658960104 0.251846075 0.290906250
H -1.669059038 1.293339491 2.014246225
H -1.778789997 0.680713117 -2.213371515
C 0.365691215 -0.551037610 2.285699368
H 0.115777254 1.883820653 -0.156341136
H -2.088361979 0.942120552 0.336165339
C -0.785431683 0.292331159 -2.463437557
H -0.208779395 0.970939517 -3.090347528
H -0.248666853 -1.392121077 2.627966881
H -0.434562385 -1.999756932 0.109324634
N -0.633796453 -1.139897943 -2.772891045
H 1.379607797 -0.921137989 2.147546530
H 1.828237534 -1.541437268 -1.224104762
H 1.082047582 1.808392048 1.310783625
C -0.092716940 -0.991920888 -0.126523465
C 0.689835072 1.208450794 0.486821532
C -0.210617751 0.051415972 0.994775176
H -2.283473730 -0.301208049 1.577938437
C -1.643291473 0.525739253 1.239625692
H 0.371909052 0.192436069 3.093634367
C -0.123159833 -0.596348941 -1.542161107
C 1.809409976 0.536382437 -0.338436037
H 2.196039438 1.206076503 -1.112818241
C 1.179784536 -0.734160185 -0.910556614
H -1.476592541 -1.674976468 -2.564445257
