13

C 0.411855012 0.820382655 -0.523871124
O 0.936556101 2.059938669 1.556388497
H 1.075867295 -0.964578211 -1.628965497
C 0.303811640 1.269976020 0.933339059
H 0.887078106 1.543560266 -1.169235587
O -1.013218284 0.686878204 -0.770051897
O -0.744852722 0.537295580 1.426871181
H 1.795103192 -0.832489371 -0.012311315
C -1.287082434 -0.184853554 0.293203086
C -0.346905082 -1.366370559 -0.021535281
H -2.347008228 -0.379519939 0.446690589
O -0.558143854 -2.543020248 0.068614729
C 0.886939168 -0.647199512 -0.599136531
