21

H 2.950190783 -1.130105972 -0.604301512
H 0.626272857 -1.952476382 -0.673124611
C -0.294211209 0.432097077 1.700062871
C -2.062681913 1.239125013 -0.839132845
H 0.555127561 1.121942163 1.737844110
C -0.232178256 0.176209152 -2.118002892
C 2.238004446 -0.697064459 0.100469239
H 0.061406758 1.583190203 -0.653672099
C -0.603511870 0.730219126 -0.808848798
H -2.763827562 0.415217251 -0.976378560
H 2.453683615 0.327092797 0.397213578
H -1.252082348 -0.953555048 0.379631549
H -0.166863441 -0.284244239 2.511146784
H 2.023713589 -2.494547129 1.090488076
N 0.036201458 -0.221108437 -3.176867485
H -2.208034515 1.951584697 -1.660503507
H -1.204621077 1.014219642 1.883819818
C 0.825122833 -1.178305626 0.071697600
N 1.704298377 -1.534449100 1.183912396
H -2.301292181 1.744275689 0.095039785
C -0.384718150 -0.289316207 0.359506041
