14

H -1.919728518 0.436610162 1.094569802
O 1.929871202 -0.200266674 -0.883178651
C 0.319466591 -0.419016749 1.218315125
C -0.958292067 0.284997821 0.612905264
C -0.636601567 -0.498990804 -0.636138737
H 0.812550485 0.143612519 2.016064167
C 0.731830597 0.022255218 -0.241085440
H -1.302866220 -2.150879622 -1.292142868
H 0.479995251 2.011425018 0.825394392
H 1.746774554 -0.272595376 -1.833742142
H 0.254070640 -1.486009479 1.429406762
O -1.125431299 -1.230288506 -1.573646903
C 0.005858809 1.395740628 0.060724150
H -0.337498844 1.963406205 -0.797445536
