21

H -1.993968010 0.802675247 0.112284094
H 0.701719701 -0.284230411 -2.322767258
H 1.945293903 -1.443891644 -0.018052401
C -2.050318956 -1.410908818 -0.185792565
C 1.366115570 -0.530876994 0.057697948
N 1.637323380 0.690585792 -0.675592899
O 0.752652466 0.022081614 2.572047710
H 1.880519152 2.044262648 0.977261662
C 0.926467419 0.722299159 -1.974033475
H -0.014296299 1.277035594 -1.935361862
C 0.731754899 0.181634784 1.206410289
H -1.945206523 -0.129670039 1.622984052
H 0.815646470 -0.921073556 2.758651257
H 1.571569562 1.211202264 -2.712101460
H -2.559641361 -1.260473609 -1.143323183
C -0.192656860 -0.569148302 0.300697714
H -2.571307421 -2.189740419 0.385832429
H 0.255635023 2.161623478 0.272020191
C -1.680675745 -0.129695430 0.572244763
O -0.659411609 -1.722755671 -0.355570346
C 1.082784534 1.479065061 0.484463245
