19

C -1.420188189 2.019443512 -0.294213206
H 2.228170872 -3.262589455 1.642238498
C 1.438154459 -2.515193939 1.675130010
H 0.458190560 -2.982501984 1.714843512
H 1.524554253 -1.904698014 2.581335783
O -0.461925238 -0.551971734 1.121136427
C 0.587826490 0.455499828 -0.825084269
H -0.598712683 1.576214314 -2.240213633
C 0.442561597 -0.537370324 0.316594929
H -0.853265584 2.939815283 -0.250421852
O -2.723345280 2.389967203 -0.709962010
C 1.543224096 -1.622437358 0.451162934
H -1.451360583 0.227777451 -1.507614136
C -0.755779326 1.042563796 -1.289258838
H 1.126737237 -0.033628162 -1.635083437
H -1.429020643 1.578930855 0.704268217
O 2.399996996 -1.717979312 -0.381533682
H 1.243261337 1.276969790 -0.478337765
H -3.299080610 1.621187806 -0.594987452
