20

H 1.310243487 -0.711685479 1.771245480
H -1.276183963 -1.792991281 -0.037432324
O -0.342139423 3.030004025 -0.405609220
H -1.361275434 -0.569617093 -2.252220631
C -0.477960467 2.087464571 0.315592259
H -1.767276049 0.393687755 0.147357076
C -0.582262516 1.589252353 1.665882230
H -1.476850629 1.889034867 2.222175360
C -0.750356674 0.680022180 0.393254936
N 0.220173225 -0.301362038 0.002024484
H 0.328993499 1.490026116 2.244458675
H 0.288335383 -1.087673068 -2.595568419
C -0.625473142 -1.354440808 -2.057400227
C 1.460857153 -0.367113054 0.725587189
H 1.777872086 1.450380564 0.249928221
H 2.101781607 -1.117456198 0.223792493
C -0.350176394 -1.510716796 -0.564305246
H 0.343412101 -2.340509892 -0.416372627
H -1.019397736 -2.283457994 -2.475211859
O 2.197684050 0.827151358 0.842822373
