23

H -3.072012186 0.336019635 0.752869666
C 2.360662937 1.811465859 0.150164112
H -1.299211264 -0.023784127 -2.578232527
C 1.762674451 0.693261862 1.029326081
C 2.787302494 -0.445869237 1.240771174
H 3.688720465 -0.054541577 1.719325185
O -1.606073022 -2.148189306 -0.912034392
H 2.371704340 -1.231505632 1.877674818
C 0.518394053 0.188603789 0.476071566
H 2.622368336 1.426096797 -0.839960873
H 1.539732575 1.118323445 2.011477947
C -1.750346899 -0.762510598 -0.580059052
H 3.277019739 2.205157995 0.605174303
C -2.112628222 0.029269153 -1.853492618
H -0.725189626 -2.262508392 -1.286796451
H 3.074395895 -0.885722220 0.293701321
H -3.788908720 -1.109858632 0.008832468
H -2.291066885 1.077772141 -1.620191455
H -3.012564182 -0.393311739 -2.301102638
H 1.658276200 2.635303020 0.020269101
C -0.503673375 -0.228790820 0.004812205
C -2.878702164 -0.698891222 0.449334919
H -2.620874643 -1.275790691 1.332064986
