19

O -0.927046895 -1.771998286 1.032536149
H -2.496289492 -0.195688546 -0.833788753
H 2.460648775 1.739247441 0.814734221
O 0.194416702 0.387629718 1.068250775
C 2.304618120 1.111233592 -0.080882855
H -2.437955379 0.696565926 0.723582387
H 2.898720264 0.194549054 0.019138530
H 1.119518280 -1.345456481 -0.710454404
H -0.028295398 -0.557531059 -1.833577991
C 0.826416314 0.778464317 -0.172708645
C -2.126601219 -0.213217035 0.204709977
H 3.559509516 2.150236845 -1.200167775
C 0.373194635 -0.556277871 -0.816984236
C -0.630641103 -0.557889342 0.353858590
O 2.645517826 1.838142991 -1.280214667
C -2.351367712 -1.549439311 0.957915545
H -2.803993464 -1.480957985 1.958850861
H 0.296457857 1.661606431 -0.583371401
H -2.876827717 -2.329220772 0.378573418
