14

C 0.780014515 -0.098860979 -1.350056767
O -0.034289673 -1.157093763 -1.723879695
H 1.693386436 0.024423249 1.304560184
H 1.959762931 1.606640458 0.563341558
C 0.174612552 0.606896937 -0.135322645
C -0.954976201 -0.298177123 0.263171166
H -2.375655413 -0.986955941 1.302315354
N -1.674493551 -0.231706396 1.303148031
H 0.704049945 1.397883058 1.809647441
C 1.199645400 0.930076540 0.954942167
O -1.914512038 -2.167055607 -0.976849675
C -1.084209323 -1.318233609 -0.850311100
O 1.778961062 0.144963816 -1.935735464
H -0.252297014 1.547199011 -0.528970599
