14

C -0.164843559 1.054421544 -0.716594517
H 0.233725831 2.761291981 -2.146089315
C 1.548311591 -1.218177915 -0.290014327
C -0.467376858 -0.036538575 0.230038002
H 2.279764652 -1.827588677 0.239042133
H -2.129865170 -0.945314646 0.218253359
O 0.680211723 -0.684249878 0.717500687
O -1.360183597 -0.942842722 -0.374517262
C -1.086510301 0.573486030 1.514964938
H 0.992021680 -1.837476373 -1.004763961
C 0.055253733 1.964434385 -1.470418096
O -2.192969084 0.263631016 1.865882874
H -0.440514654 1.284817576 2.045715094
H 2.052973747 -0.409893662 -0.828999519
