17

H 1.017416239 -1.291949034 -1.279516935
H -0.873720586 -1.795647979 -1.357347250
C -1.329167604 0.298559397 -0.709449172
C 1.127328038 -0.426252514 -0.644702733
H -2.134809494 1.028050780 -0.752425432
C 0.795981646 0.123191498 1.954050303
H 1.748640776 0.658976138 1.893864512
H 0.785404325 2.178118467 -1.689900994
H 0.086755879 0.734985113 2.514573574
H -2.563202143 -1.488993764 -0.807120919
C 0.277510881 -0.156974271 0.579502285
N -1.178534031 -0.590509057 0.516472220
C 0.144845307 0.730435610 -0.633505940
H 0.951294899 -0.806691647 2.502882957
O 0.525982916 2.049454927 -0.774834871
C -1.532581449 -1.157480359 -0.795360267
H 2.150854349 -0.087273374 -0.517181158
