14

H 2.490044117 0.115381524 -2.385555029
H -2.749963999 -0.800915778 2.067657232
N -0.931190312 -1.513742685 -0.513098359
H 1.453568816 1.387142658 -1.685986400
H -1.171975374 1.139523983 2.272104502
H 2.508554459 0.395497054 -0.625440836
H 0.657949030 1.304761052 0.539672434
C -1.059667945 0.416932702 1.466161847
N -1.882301331 -1.584802270 0.403592348
C 1.878202677 0.389303029 -1.523938656
O 0.864541948 -0.589267850 -1.429437995
C -0.064117506 0.508458912 0.522443533
C -0.044493828 -0.506009400 -0.458113670
C -1.949150681 -0.662263036 1.349938869
