13

H 0.149960920 0.397666186 1.908512235
N 0.416330814 -0.499502748 0.003052176
C -0.434639394 0.117906697 1.029792309
C 0.437275022 0.326335341 -1.126148105
H 0.902997434 -2.146448612 1.127872348
C -0.445391297 1.337880135 -0.931589067
H 1.089897275 0.115249060 -1.952019334
O 1.705872655 -2.231087208 -0.742893159
H -1.218364716 -0.585786343 1.348396420
H -0.725233912 2.099657059 -1.624846339
N -0.971987963 1.293256760 0.347879678
H -1.961748838 1.477238774 0.483549505
C 1.055032015 -1.702364802 0.128441334
