14

C -0.354794055 0.196313486 0.118080199
O 1.607320428 1.239618063 -1.004216194
H 1.544360399 0.146009177 -2.849082947
H -2.498179197 0.857420921 0.065475941
H 1.811247587 -0.855850339 -1.318628073
O -1.884299159 -0.308422565 1.666371465
H -0.735093415 -1.442246675 2.972299814
C -1.656127572 0.341042489 0.498773783
H 1.309468508 -0.860895753 1.221789241
H -0.384815156 1.353099346 -1.716556191
C 1.406794190 0.057348300 -1.762876511
C 0.267522961 -0.578490376 1.158614397
C 0.270444065 0.732347548 -1.099748492
C -0.703849733 -0.877294004 2.049703360
