22

C 1.741780281 -0.861876011 -0.457134783
O 1.813531280 1.106974006 1.125784159
H -1.733235121 -1.544711590 -2.180218697
H -1.617699623 0.831199944 -1.473357320
H -0.586063087 -1.123184562 0.637214124
C 0.463497788 1.530432940 1.279701829
H -0.095297009 0.819256902 1.931063890
H 0.454903573 1.931636453 -0.821417391
H 2.619325638 -1.258880973 -0.974699855
H -0.887933314 2.685853004 0.021872712
H 1.493794918 -0.852210939 1.668132544
H -2.138533115 0.626735151 0.194204137
C -1.655511260 -1.779215932 -1.113996387
H 0.521896958 2.470529795 1.838538289
N 0.619564950 -0.972877979 -1.067005277
C -1.246568084 0.620585501 -0.456652015
H -1.301032305 -2.812430382 -1.018835664
C -0.672429502 -0.810126066 -0.417458296
H 3.110196829 -0.395097464 1.093251348
H -2.651125193 -1.709446192 -0.666086912
C -0.295659244 1.758355379 -0.055635065
C 2.042593479 -0.261501431 0.912733972
