13

N -2.409792423 0.396266699 -1.190003514
H -2.849953651 1.246986270 -1.537121296
H 2.340275526 0.930853486 0.900924385
O -0.741192281 1.939327717 -0.708459020
C -0.385397643 -0.349090517 -0.133864850
H 2.107984543 -1.915590763 1.298726439
N 0.308814913 -2.402169704 0.381936610
C 0.803385735 -0.224579036 0.540838838
O -0.676133573 -1.674803376 -0.211911216
C -1.249757886 0.673771679 -0.712519765
C 1.209304810 -1.547780514 0.821981490
O 1.389723063 0.973606765 0.894671977
H 0.152737990 1.953201294 -0.345200181
