19

H -0.373375356 2.217202425 -2.134896994
H -0.551959097 -3.092548609 -0.148127854
C -0.511990666 -2.062222004 0.185836971
H 0.967304289 -1.256693482 -1.268745065
H 0.862613738 1.002559185 -2.560376167
C 0.102623537 0.215353400 0.324595183
H -1.681198835 0.423730820 1.600849152
H -0.193702400 0.099585548 2.491100788
C -0.545701623 0.342264116 -1.018478036
C -0.948997557 -1.613113165 1.374178410
H 2.261979103 0.499018669 0.151490524
H -1.626446366 0.353096813 -1.126645684
C -0.723489404 -0.124639645 1.558326960
H 1.491267681 1.668739796 1.232561707
O 1.131807566 2.027377367 -0.752350986
C 0.126819223 -0.982516050 -0.627433240
H -1.393896818 -2.244109631 2.139446974
C 1.345512748 1.102240443 0.306467146
C 0.260830015 1.424674153 -1.727799773
