13

N 0.605849624 -0.281017005 -0.009422747
H 1.358361721 -0.292603850 -0.682808578
C -0.502518892 0.387681425 -0.262584418
H -1.659145594 0.412095934 -2.063469410
H 2.427620649 -1.679318547 2.141564131
C -0.766283095 0.883854985 -1.649164557
C 0.927180052 -1.056979179 1.188081503
C -1.457372189 0.676726997 0.712147474
N -2.325432777 1.001842022 1.399665952
H -0.920096874 1.958175063 -1.650450468
N 2.218387842 -1.230863094 1.259255290
O 0.009975771 -1.438142657 1.915925503
H 0.083473347 0.658548057 -2.298739910
