20

H -0.408940911 2.643306017 0.227918237
H 0.305158556 1.534859061 -1.623879433
C 1.116312265 0.310713559 0.694068253
H -0.977143943 -1.038376927 1.704718232
C -0.872742116 2.031068802 1.001294971
H 1.583423376 -0.451497704 1.305315733
H -1.091909528 0.506436765 -1.995203257
C 0.428064644 -2.426539660 -0.686524510
H 0.547278702 -0.045302097 -2.342934132
H 0.632951736 -2.306268454 -1.759143829
C -0.067256913 0.503440678 -1.636538625
O -0.900064886 -0.128250480 2.040405512
C 0.014120886 -0.115164548 -0.261043280
H 1.384712100 -2.425648928 -0.140058741
O -0.456283510 -1.442063093 -0.204410493
H -0.678769946 2.494557619 1.968467951
H -1.948989034 2.016917467 0.845551550
H 1.784360409 1.108645558 0.386552572
C -0.333992809 0.622996926 1.011909246
H -0.060289271 -3.393830299 -0.536466599
