14

C 0.128356040 1.395055652 0.331687897
C 0.304927170 -0.776066661 1.186214089
N -1.623206258 0.531864345 -1.342454791
H -0.085947052 -1.296604872 2.042148590
H 0.756873131 2.096006632 -0.233183369
H -0.972838581 -1.985563755 -1.437772870
O -0.087383695 -2.007367373 -1.063329220
N 0.985067308 0.539163113 1.228493452
H 2.355762720 -0.923612177 0.185893580
H -0.569770634 1.965612888 0.950001597
C 1.357376814 -0.572331309 0.394477069
C 0.064920612 -0.871938288 -0.335402757
H -2.009271145 1.482198477 -1.318743229
C -0.604866326 0.423583359 -0.588030100
