19

C 0.026229793 0.525304317 0.292084247
H 2.969135523 0.830604196 -1.322235584
C -1.202049613 -1.822691798 0.514739871
C 0.348370403 -0.607611358 -1.251486301
H -1.104953527 -2.858890295 0.180292666
C 0.057059824 -1.031995535 0.201732904
H -1.398099422 -1.838682294 1.586876869
H 0.915840089 -1.465490103 0.715243340
O 2.515534401 0.732155561 -0.479810536
H -1.275825143 1.261162281 1.849410892
H 0.435503572 1.224063754 2.279545069
H -2.072438717 -1.396108270 0.017646845
C -0.525980830 0.681944966 -1.174063087
C -0.259295285 1.420266867 1.465569973
H 0.523431778 -1.203650236 -2.145920038
O 0.540623665 1.585262418 -1.606140018
H -0.162452891 2.461190462 1.162354589
C 1.191336870 0.612540901 -0.743437648
H -1.521970153 0.890624344 -1.542404056
