18

C 0.170259714 -1.277726412 2.500878334
C -0.846558213 -0.445949942 -1.114351511
N 0.125703782 -1.167103529 3.651753902
H -0.209099680 1.392542601 1.760670781
H -0.990099907 -1.503849506 -1.362191439
C -0.711909473 -0.289993197 0.395490587
C 0.868971527 1.280140400 -1.515385032
H -1.747210979 0.080775768 -1.431166410
H 1.219933987 -1.217239857 0.704409599
C 0.603213191 1.745104313 -0.142564729
O 1.544290185 1.902614474 -2.300106525
C 0.198259860 -1.361114502 1.039698720
H 0.347560674 -0.140115812 -2.812311888
H -0.120564610 -2.360226154 0.748224199
N 0.323976576 0.036428571 -1.812180281
C -0.139591813 1.060712695 0.727938354
H -1.709797263 -0.407996714 0.837257385
H 1.072662354 2.672996759 0.123936445
