14

C -0.666409373 -0.868216336 0.315542281
H 1.501939893 0.018181782 1.958076239
H 1.517263532 1.640254140 1.233719468
C 0.225673988 0.240986615 0.244628608
O -0.947989643 -1.384639740 1.529558897
C -0.257911593 0.098589368 -2.083924294
H -1.532670617 -2.137887478 1.374195099
C 0.886057615 0.783174157 1.474605799
C 0.431096375 0.735295773 -1.028948307
H 0.142767191 1.094593287 2.209520817
N -1.037716627 -0.934809864 -1.960919976
N -0.094431899 0.570185304 -3.311353683
N -1.245659471 -1.437866211 -0.733603776
H 1.077990770 1.582159162 -1.221096992
