17

C -2.061254025 0.889705598 0.040713970
C -1.155055404 -0.358741641 -0.173444197
H -1.018927097 1.660148978 1.782324076
H 0.554021239 -1.683571935 -1.366482735
H 0.590273142 0.614946723 0.450158387
C 2.200087547 -0.363314122 -1.270600319
H 2.079438686 -1.621361732 1.129711270
C 1.115852118 -1.123206377 -0.611241996
H -2.356258631 2.666275024 1.180715680
N 1.625699401 -2.084324360 0.343035549
N 3.098062754 0.210250840 -1.704351306
N 0.189229280 -0.195484713 0.018914176
O -1.654357672 -1.414344311 -0.488276064
H 2.261583567 -2.738857269 -0.084497474
H -0.800900161 2.634551525 0.324123144
O -3.139323473 0.882336974 -0.463496596
C -1.528171182 2.024990797 0.892694354
