23

H -1.697915196 -0.577042818 1.137913585
H 1.789587736 -1.410312653 -0.024532983
C 0.331683666 0.721549273 -0.044455126
H -1.139319420 2.774456501 -1.650069475
H 1.270397782 -2.675610781 2.083214045
H -1.457721353 1.929126382 0.721558332
C -1.583850861 1.776087761 -1.386037469
N 0.754903078 0.031146014 1.218505383
H -0.466255695 -2.491685390 1.752144814
C 0.521407902 -2.544473886 1.283906698
H 1.654669046 2.422428608 -0.026414711
H 1.634649277 0.359816402 1.604535818
H 2.342055082 0.984248817 -0.795215130
C 0.821619451 -1.279189110 0.489522010
H 0.558818936 -3.423313618 0.635349393
H -0.211646110 -1.028472304 -1.543720007
H -2.443305969 -0.559887648 -0.490695179
O -2.312690020 1.213696122 -2.179310560
C 1.419254184 1.568328738 -0.672901273
C -1.166013479 1.215100646 -0.055188891
C -1.566096067 -0.275295675 0.097383812
C -0.193619326 -0.688805461 -0.498003423
H 1.139387965 1.958105326 -1.657489896
