15

C -2.355390072 -0.720721722 0.964711010
N -0.342123479 0.803012967 -1.585407138
C 1.524030447 -0.480795175 -0.465324461
C 0.620027602 -0.123259239 -1.682106137
H 0.191677749 0.403610408 2.518599749
C -1.283345461 -0.233705804 1.171190381
H -3.291884422 -1.168871760 0.786528289
O 0.879738092 -0.689605296 -2.722093821
H -0.676784337 1.261866689 -0.757631838
O 2.609556198 -0.963115633 -0.688688517
H -0.850370944 1.024945736 -2.427375555
H -0.009617134 1.453058720 1.144630075
C 0.016147854 0.394628137 1.442527771
H 1.821929574 -0.678829312 1.473508000
N 1.146408319 -0.282218635 0.826932430
