15

H -0.046398927 -2.277189255 0.314953387
C 0.769816756 1.580619931 1.751435995
O -1.661574244 -2.506716251 -1.794829845
H -0.258516312 1.666730404 -1.161357760
H 0.554585099 2.404086113 1.028808475
C -0.370758355 0.612909317 -0.977767408
C 1.096893907 0.222778097 1.121142507
H -1.693863153 0.059951510 -2.574807405
N -1.157334208 -0.208568126 -1.765227914
N -0.281339914 -1.446252346 -0.204702020
H 2.117441654 0.316030711 0.725458205
O 0.768377244 1.774381757 2.941893339
C -1.115432858 -1.531661987 -1.327393293
H 1.106313586 -0.519389689 1.916164756
C 0.171789616 -0.147710338 0.006228697
