18

H 0.341791272 2.538113356 0.908886909
H 0.597573340 1.601828933 2.389322758
C 0.804992855 -0.348379612 -1.473930836
H -1.869982481 -0.287357420 -2.250962496
H -1.350812197 0.741012037 1.085439920
C 0.241247773 -1.917309165 1.842874169
H 0.475487560 -2.876748800 2.260415316
C -0.032355536 -0.840492249 1.356595039
H 1.580011845 -0.751996577 -0.815243304
H -0.498663247 1.444696069 -1.152819157
C -0.332764149 0.468242764 0.766305149
C 0.620404005 1.559164643 1.295541883
O -0.086659513 -1.370563030 -1.938501716
C -0.349588543 0.424335003 -0.781800270
C -1.240869403 -0.660610139 -1.430296063
H 1.285824656 0.191495702 -2.304314852
H 1.658264637 1.352250099 0.991653979
H -1.843903065 -1.267681956 -0.749165833
