19

H -2.266980171 0.415502995 1.840381503
C -0.510550797 1.614246607 -0.975411594
H 0.798630714 -2.666741133 1.472740889
H 1.791137457 0.541753471 -1.467295885
H 0.809193552 -2.225970030 -0.783591866
C -1.505271435 1.348121166 0.134615704
H -2.337059736 2.047329903 0.206080571
C 0.909249902 -1.174622655 -0.555842459
C 0.973104000 -0.194602370 -1.620465517
O -0.267893970 0.493119687 -1.792564988
H 1.451328278 0.032179117 1.096274853
N -0.567501068 -0.622352123 1.306633592
C 0.814379692 -0.830517590 0.856206238
C -1.469521880 0.411454797 1.102536440
H 0.432607710 1.996167779 -0.554104209
H -0.908679724 2.390395641 -1.633598328
H -0.646639407 -1.018259645 2.245847225
H 1.176876664 -0.678758204 -2.590449810
O 1.323590636 -1.878447175 1.712007523
