18

C 0.884571016 -1.719941139 1.348109841
H -0.794735253 -1.679346800 2.872271061
H 1.558976650 -2.447351694 1.792103529
H 1.767253041 -1.381665707 -0.590740383
H 0.090090171 2.469593525 -2.445071936
H -0.255892575 1.921816826 -0.021716490
H -1.289602995 1.403456688 -2.238245487
H -0.795668662 -0.702612996 -0.966416240
H 1.292663217 1.321101904 -0.580325365
C 0.976081073 -1.187006831 0.119092666
C -0.959196627 -0.250699252 1.127137423
C 0.212615728 1.183654666 -0.688533843
C -0.293166161 -1.149306178 2.065269232
C -0.166903377 -0.232728884 -0.196421146
H -2.030451298 -0.063420862 1.133484483
C -0.208750546 1.468563676 -2.130799532
H 0.243511930 0.755658209 -2.823755264
O -0.231395766 0.290235221 2.224557161
