23

H -0.976309359 -1.075612068 -1.216225863
H 2.153918266 2.215404034 -1.591410756
H 2.660313606 0.633739889 1.001867771
C -1.184856415 -0.604712903 -0.254081219
O -3.194653749 -0.718486786 0.481814504
C 2.280452251 -0.120005041 0.302088767
H 1.104295969 -1.951275468 0.489551246
H -2.396550655 1.209001303 0.218720302
H 1.156531692 -0.073925108 -1.578732729
C 1.284468889 1.983691335 -0.977286220
H -2.920544624 0.400332659 -1.278422356
H 0.390578002 2.312231541 -1.518189669
C 1.208826661 0.500579953 -0.648522496
C -2.001546383 -1.518867493 0.677593291
C -2.476728916 0.249512285 -0.298165500
H -0.157601818 0.771304607 1.038423538
H -2.147938728 -2.554077387 0.361744881
C 0.102815606 -0.016425282 0.320660144
C 1.158391237 -0.974025786 0.940179825
H -1.685241342 -1.510877967 1.724204302
H 3.124756813 -0.633920968 -0.160457253
H 1.166330576 -1.104049444 2.031411648
H 1.350293040 2.580464602 -0.066766374
