19

C -0.244597137 -1.750570893 0.229514375
H 2.206214905 1.803924680 1.462583780
H 2.374930859 0.316890270 2.423231363
O -2.049626827 -0.251248628 -0.660203457
C 2.248898506 0.714702725 1.405870318
H -3.074738503 0.215690136 -2.338665485
H -1.599685788 1.196900129 -2.090741634
C 1.011023402 0.164961413 0.771547258
H -0.704656720 1.469867468 1.072369456
C -2.035516977 0.187895834 -2.005990028
H -0.798846900 0.031657256 2.138905764
N 1.119793057 -1.249753594 0.208519608
O -0.646026015 -2.860155821 0.342419893
H 3.135251284 0.426379025 0.831119001
C -0.441649139 0.416236907 1.172206521
C 0.669267297 -0.095957220 -0.629514158
H -1.475201488 -0.492474794 -2.647470474
H 1.121857166 0.133969277 -1.594032407
C -0.816691160 -0.378914356 -0.091669701
