27

H -1.445978522 1.224078894 -2.084671736
H 0.370729029 -2.235522509 1.781464696
H 0.125445455 3.052686214 -2.719281197
H -0.248933285 0.140451774 -2.829114437
H -2.031740665 -1.948231101 1.227888346
H -1.245756030 -0.160459369 -0.229071960
H 2.231637478 1.804773331 -1.790920377
C -0.146144569 -1.352363825 2.183513880
H -0.184010729 0.765561104 1.786759257
H 1.336674571 -0.030631224 1.409975410
C -1.658971429 -1.647208929 2.213101864
H -2.216657877 -0.773895502 2.544092178
O 0.337576777 -1.409445524 -0.733292699
H 0.146472603 1.900435686 -0.379210621
H -0.233729482 -2.129599571 -0.440021455
C 0.254291475 -0.130167127 1.333894730
C 0.389940888 0.996823907 -0.970211387
N 0.132540792 2.147493601 -3.175375700
C -0.373756170 1.096068978 -2.307080746
H 0.045318827 -1.754127145 4.094649792
H -0.467001021 2.217734337 -4.001323700
O 0.352793455 -1.061657786 3.484782219
H -1.863487244 -2.474441290 2.898653269
H 2.176049948 0.031841099 -1.718448877
H 2.461045504 0.974842548 -0.243620813
C 1.902705550 0.951781511 -1.192401648
C -0.147054568 -0.196822077 -0.144728541
