18

C -0.718345642 -0.741676569 -0.582128227
N -4.121332169 -1.200033188 0.183816388
H 2.924400330 -1.326138496 0.832973301
H 2.699047089 0.337724417 1.396695256
O -2.075032473 1.273173928 -1.061539292
H 1.568493247 0.916290522 -0.800934672
C 1.647787333 -0.125145614 -0.454694569
H 3.749476194 -0.002573747 0.010977157
H 0.413445354 -0.812172234 1.126803994
C -1.796893597 1.482980013 0.311273694
C -1.928218961 0.125098214 -0.233587548
H 1.765106201 -0.746418834 -1.346499562
H -0.807123780 1.854992747 0.539098918
C 2.815389872 -0.287762284 0.502143264
O -0.751081407 -1.532268763 -1.482035995
C -3.166178465 -0.612178028 -0.010680309
H -2.612216473 1.906097770 0.896077514
N 0.393277705 -0.509990513 0.172240600
