19

C 0.446306765 1.670594096 -0.918023050
N 1.053072929 1.554000258 0.312685639
C -0.329379469 -2.002838373 2.931061745
C -0.373308450 -1.149039268 2.093471050
H 0.999727845 1.055373788 -2.981024027
C 0.926712394 0.704755604 -1.957712531
H 1.372924447 0.729847729 2.004221201
H 1.659088850 -0.032113556 -1.650106788
C -0.465624839 0.551621497 -1.350272775
H -1.289330602 0.796083808 -2.007773638
H -0.313217849 -2.778379917 3.657573223
H -1.163098812 0.677504599 1.413870215
H 0.196505696 2.689346790 -1.175385833
C -0.771327019 -0.528412938 -0.308560759
H -0.499476552 -2.068758726 -1.425391674
H -1.849518418 -0.685016155 -0.278882086
O -0.120806158 -1.750573277 -0.604356706
C -0.387351125 -0.060479976 1.131041884
N 0.908100247 0.626484394 1.113564014
