16

C 0.252079844 0.106243223 -0.537031472
H 0.443184197 -0.668774426 -2.535820246
H -1.946936369 -0.572393358 2.067859411
H 0.052465934 1.161098480 2.653596640
C 0.609512687 0.260130435 -1.980457664
H 0.974631190 -2.041527987 -0.043739770
H 1.662269711 0.536762416 -2.089975595
O 0.721635401 2.386538744 0.202472836
C -0.973579705 -0.683617175 -0.072986007
H 0.009626623 1.042172313 -2.442792654
H -1.710999250 -1.069861054 -0.756470978
C 0.408841640 -1.173580050 0.254142314
C 0.378496170 1.253804922 0.424260974
C -1.115493059 -0.349349558 1.424572825
N 0.280235112 -0.820778012 1.719679832
C -0.045970082 0.633131802 1.712689400
