19

C 1.075871706 0.966966391 -1.813656569
H -2.340670586 -0.108131044 2.289661884
C 0.914185643 -0.518373013 0.208812788
H 2.048102617 -0.408140182 1.754271626
H 0.273684919 1.626753330 -1.449516296
H -0.174440652 -0.542208076 2.064379454
O 1.820825696 -1.357180119 -1.864555836
H -0.782222390 -1.675034523 0.816401601
C 0.859046936 -0.478006512 -1.317053437
H 1.086389661 0.968260467 -2.912451506
H -3.979190111 1.365226626 1.798812270
H 2.539265394 -1.364389539 -1.213510990
O -1.326666713 0.300307840 0.535105288
C -2.375265598 0.504494011 1.380702019
N 2.085097313 -0.506801486 0.743560910
N -3.256041288 1.367416382 1.079203367
H 2.043123722 1.343950033 -1.453359485
H -0.133097455 -0.830294549 -1.632947087
C -0.377999008 -0.654815912 0.986139953
