18

H 0.108228460 -0.607350588 1.955059528
H 1.149493337 0.663821816 -1.403213739
H 2.439970970 -2.305811882 -0.506810248
C -1.300515771 1.381674886 -0.269431472
H -1.142555714 -1.916062713 -0.073631756
C -0.560252488 0.066977419 -0.111474857
H -2.401505470 -0.818232834 -0.409502536
H 0.418312848 -0.859678209 -1.981096745
N -1.526025534 -1.002541900 0.033229072
N 2.073930979 -1.878083587 0.342317253
C 1.136248231 1.174783230 1.496534348
C 1.332226396 -0.889724016 0.088673197
H -1.997100353 1.533218145 0.561722100
N 1.640900850 2.172348022 1.785694957
H -1.874218345 1.381781697 -1.196297050
C 0.634334505 -0.254022688 -1.094543457
C 0.479882956 -0.064873755 1.081713319
H -0.611355841 2.221777678 -0.298942387
