22

H -1.837645888 -2.896016359 -0.629647970
C 0.731727958 1.598862767 0.342346042
H -2.545954704 -1.385832310 -0.034775853
H -0.319157094 0.748175025 -2.311507702
O 0.044146445 2.304171324 1.383526206
H -2.057816744 -1.207863212 -2.460485458
C 1.915716648 0.820354879 0.970102131
O -0.600164950 -1.786246300 0.533005774
C 0.072263122 -0.616544783 0.608551145
C -0.110666499 0.453787774 -0.171948478
H 0.828597486 -0.207919270 2.589198351
H 2.614380360 0.526401281 0.181743890
C -1.638188124 -1.834159493 -0.454517394
H 1.856037736 -1.303756475 1.658671379
C 1.209193945 -0.423529655 1.580955386
C -1.237187624 -1.130304098 -1.745802283
H -1.787456512 0.963254154 -1.397095442
C -0.877913773 0.344805539 -1.455276132
H 0.637494624 2.977591991 1.722874165
H 1.019297719 2.306486368 -0.456851721
H 2.460743427 1.400610566 1.713943601
H -0.377446830 -1.652329922 -2.167009592
