19

O -2.227529049 -0.964512348 -1.055117607
N 0.705269873 0.220599800 0.736738682
C -1.524359941 -1.351206779 1.171255827
H 2.098148108 0.438624263 2.515654564
C 0.098304965 0.671896398 -1.599438429
C 0.501067996 -0.334948540 1.926928639
H -0.728573561 1.368179321 -1.814556956
C 1.440662622 1.410318613 -1.697510958
H 1.511794448 2.190192461 -0.935574353
H -2.405348301 -1.961752057 1.304343462
C -0.156956002 0.030450441 -0.258074611
O 1.387686849 -0.084921308 2.914714336
H 0.052318294 -0.097124100 -2.380095720
H -1.891898155 -0.686063588 -1.911649585
H 1.536623955 1.869773149 -2.684879065
H 2.273235798 0.728509247 -1.538719058
C -1.301781416 -0.764317513 -0.078571349
C -0.616500497 -1.131430984 2.198084354
H -0.752166152 -1.552266359 3.186467648
