21

H -0.686331809 -0.509217083 2.763054609
H -1.417030692 -1.769274831 -0.749500453
H -0.586214066 0.985736072 0.601895452
H -0.088382624 2.728369951 -3.580529928
C 0.167505965 0.426812351 -1.314155221
O -0.237385780 1.861797214 -3.198906660
C 0.000704896 -1.094119310 0.782755256
C 0.314078629 1.826581597 -1.909543395
N 2.497991800 1.326938629 1.035195351
C -1.342565060 -1.688993216 0.334192723
H 1.403132677 2.058497190 -1.902540207
C 1.481605291 0.896952569 0.683775306
H -1.468205452 -2.683633804 0.777513862
C 0.221356511 0.336002499 0.226375878
H 0.012510997 -2.126746655 2.684447289
H 0.799250007 -1.714835763 0.364558429
H -0.144791275 2.563925266 -1.231276751
O 0.074555740 -0.533053815 -2.023906946
C 0.111263767 -1.109940171 2.312275410
H -2.181525946 -1.071070671 0.692580760
H 1.068475842 -0.710728109 2.651740074
