20

C -0.965977192 -0.802650750 -0.791122854
H 1.883446813 -0.822633624 0.722857952
H -0.917527020 1.647473693 2.024112463
C 0.819271266 0.689118445 -1.553798676
H 1.635668039 1.285080314 -1.112716317
H 0.594774067 1.112517834 -2.543908834
H -0.235364527 0.291706055 2.941905022
H -2.158150673 1.372191429 -0.592792749
C 0.436892956 -1.469286084 -0.807793081
H -1.718645811 -1.119593382 -1.516474009
O -1.267786622 1.690842509 -0.785859823
H 0.539148927 -2.500052214 -1.125105023
H 0.842379987 1.422396183 2.106125832
C -0.390415877 0.624733210 -0.670995951
O -1.440156937 -0.700386107 0.569554508
C 0.835753918 -1.103521943 0.632921278
H 0.609624565 -1.896810293 1.365430474
O 1.205881000 -0.675585926 -1.712555408
C -0.124081701 0.904055953 2.038903952
C -0.184734628 0.050404929 0.811311543
