14

C -0.101984128 0.461735427 0.372929484
C 1.471753240 -0.639505267 -1.257093906
H 0.573959529 0.491152078 1.234083891
H 1.762776971 -1.652494550 0.666015387
C 0.170990527 -0.653248131 -0.610457599
C 1.273828387 -1.704632044 -0.304398507
H 1.137193799 -2.711209059 -0.696335375
O -1.748020649 1.624831438 1.788069606
O 2.204765320 -0.095431052 -2.032105923
C -1.431429386 1.021545410 0.580559969
O -0.470953077 1.709774733 -0.210155979
H -0.686513126 -0.987478793 -1.187484741
H -1.884940267 2.559687138 1.612306237
H -2.271427155 0.575272918 0.044067256
