14

H 1.126089692 2.307187319 0.835578024
H -2.079905033 -1.579630256 1.199837089
H -0.456574589 -1.099916816 -2.721480846
C 0.711475492 0.156230912 1.279393435
N 0.098981634 -0.377921134 -2.284817696
N -0.322833896 -0.703732729 1.751313448
H 1.653011203 0.010674170 1.799186230
H -0.628023386 1.808723330 0.669655919
N 0.842816532 0.401275754 -0.166322649
C -1.190016150 -1.038987160 0.920981050
O -1.168073297 -0.807055295 -0.460931093
H 1.052782774 -0.323150426 -2.609261274
C 0.403101712 1.500510454 0.725238919
C -0.042832755 -0.254208386 -0.938370824
