19

H -1.104214191 2.404141665 0.128209934
C -0.109700412 -0.792019546 -1.793178558
H -0.424794495 -0.008678782 -2.469498873
C 1.501692653 0.247582257 0.866491735
H -0.897607923 -2.762790680 -1.087009549
C 0.958815992 1.658921957 0.685579717
C -0.505523384 1.648275256 0.613177419
C -0.980845869 0.212809458 0.660577118
C 0.254942209 -0.653599858 0.893724442
C -0.499745399 -0.708571434 -0.348071665
C -1.158368945 -1.719741344 -1.226688981
H 1.560321331 2.422169685 0.209573776
H 0.857080698 -1.220888257 -2.033539295
H 2.071923256 0.176914066 1.783865809
O 0.182165578 2.109027386 1.795809627
H 2.160767555 -0.004444113 0.039383680
H -1.907731414 0.024651792 1.191734195
H -2.189635992 -1.558267593 -1.514467359
H 0.230458975 -1.475491762 1.604326963
