20

H -2.009693861 -0.577103198 -0.918763578
C 1.527072072 -2.125562191 1.903209329
H -1.168803334 -0.278632730 1.883579016
N 2.110678196 -2.548885107 2.828733444
H -0.481199741 2.380851746 0.708941102
H -0.576877594 -1.297685862 -1.508870006
C 0.825859010 -1.618468285 0.724935293
H 1.439031839 -1.780586720 -0.165374815
O -0.282723725 0.068059132 2.058812380
H -0.702650785 0.804504991 -2.701126814
H -0.091424853 -2.216022491 0.604378223
C -0.268424720 0.419226259 -0.377998710
H 1.378763080 0.447927952 0.992765248
C -0.777871013 1.852605104 -0.196929172
N -1.055687189 -0.473489583 -1.203180313
C 0.458897293 -0.122430690 0.855394006
C 0.271274090 1.553513527 -1.239318132
H -1.779768467 2.060484886 -0.568465114
H 1.296514034 1.872089744 -1.095273852
O -0.112964883 1.579603553 -2.585447311
