14

O -1.141386151 0.555586934 0.585989416
C -2.032889605 -0.541493058 0.696325123
N 3.122195721 1.353315115 -0.371828347
C -0.374604076 -1.188771367 -0.688707769
C 1.124727488 0.747162521 -0.061918862
N 2.285070896 0.413572371 -0.682188094
H 0.484220773 -1.856661081 -0.728904963
N 2.618465900 2.242519617 0.401583254
H -0.769844472 -1.074807048 -1.713476658
O 1.314992666 1.900617599 0.631668091
H -2.293816566 -0.684697747 1.745502830
C -0.051515143 0.138192341 -0.108222947
O -1.351484895 -1.674778700 0.203832507
H -2.934132099 -0.329757541 0.090346605
