15

H 1.501766682 -1.460005760 0.049554903
N -0.752294898 1.024798512 0.578009009
O 0.955370903 -0.901060939 1.960021019
N -0.108674280 1.949120522 -1.317385316
H -1.540018201 2.904568434 -0.037007481
H -0.010355437 2.624910593 -2.052327156
H 1.289666772 0.446552813 -1.971015334
O -0.919532478 -2.701610804 1.371382117
C -0.888686597 2.061214447 -0.212918445
C 0.631211162 -1.072434902 0.605800629
C 0.185147956 0.215998352 -0.026790740
H 0.355694056 -1.477286816 2.441921234
C 0.592636526 0.766188443 -1.212214112
C -0.473450780 -2.105006695 0.428806245
H -0.818481266 -2.275946617 -0.605836511
