16

H 1.545128584 -0.735975087 1.449938655
C -0.818935215 -0.864379883 -0.327055544
C -0.931390464 1.234231234 0.197460383
C 1.101651669 -0.063469142 -0.594856083
H -0.511571348 2.199292421 0.486856461
C 1.020899296 0.071039945 0.936713040
H -1.795607924 -1.293605685 -0.471420556
H 1.997348070 0.236839548 -1.116914153
C -0.330086350 0.476067364 -0.987492561
H 1.391820192 1.030087113 1.322917700
C 0.494857252 -1.477321267 -0.743415296
H -0.979033649 -0.279336840 1.939820886
H -2.018348932 1.316876888 0.084132791
H -0.502514958 0.715697706 -2.034955502
C -0.524049342 -0.016814763 0.994632483
O 0.859833241 -2.549229383 -1.136362553
