20

N 0.431753308 3.117995501 1.182656884
H 1.477650523 -1.797696590 -1.266026616
N 0.570131838 -1.338141441 -1.339747190
H -0.052130554 0.422713548 2.745496035
C 0.002303759 2.128400326 0.766264498
C -0.076563142 -0.513639033 2.179529190
C -0.135716796 -1.433002114 -0.069195531
H -1.347070813 0.480286747 -1.769456029
C 0.765274167 0.047039550 -1.782320261
H 0.873461485 0.070612125 -2.866244078
H 1.693620443 0.479191273 -1.355314374
H -1.042212725 -1.016557932 2.414162397
C -0.572702169 0.898059249 0.197780818
H -1.653688431 0.914869189 0.465009153
H -1.217837930 -1.565945625 -0.262299895
N 0.091033667 -0.257642001 0.780146003
H -0.331355214 1.930927515 -1.708209395
H 0.736571491 -1.159936786 2.553304434
C -0.428358525 0.904601634 -1.342736959
H 0.215835690 -2.312134504 0.477201641
