19

C -1.238193870 -1.676680565 2.470307827
N -0.292304724 0.574772477 -0.040815387
H -0.821816921 -1.962183237 3.435783386
H -1.905062914 1.324312925 -1.098904252
C 1.096853733 -0.952158153 2.176091909
H -1.486277938 -2.582386255 1.912632346
H 1.757737160 -0.601376534 1.365939379
O 1.467778206 -1.353433251 3.251321316
H -2.146910191 -1.091434717 2.605114698
N -0.227882221 -0.891862035 1.777195454
N -0.527261198 -0.301973730 0.684103489
H -0.694771111 1.559776425 -3.234488964
C 1.272736073 0.808052540 -2.564134359
H 1.855357051 1.453388691 -3.219822645
H 1.183069468 -0.163858771 -3.049556494
C -0.085868903 1.407290101 -2.342374563
O -0.164703190 2.477313519 -1.408999085
H 1.785444379 0.709110200 -1.628771186
C -0.827922463 1.263330460 -1.090623260
