16

N 0.186492264 2.130376816 1.265321136
C -0.296151727 -1.250265598 0.248186529
C 0.258849680 0.990731359 0.756170392
H -1.750067472 0.286124855 0.835020483
C 1.185369015 -1.033558607 0.187590346
C -0.884783506 0.173592091 0.198721930
N 2.061218500 -1.869905114 -0.149036527
H -2.014642239 0.034732588 -1.655448556
H 2.999422789 -1.465595841 -0.153772593
O 1.444607139 0.275617778 0.583397806
H -0.637109399 -1.908271074 -0.547068894
H -0.529550731 -1.747050881 1.197266698
H 1.088769913 2.488978386 1.569709539
C -1.215996265 0.643093348 -1.229164243
H -0.347703844 0.568491101 -1.886737347
H -1.548724174 1.682909012 -1.220156908
