22

H 1.423751712 1.310678840 0.306032926
H -2.132329464 0.513181567 -0.101058736
H -0.030449105 -2.258814573 1.944173694
H -1.719019890 -0.624153912 1.181854486
C -0.103867151 -0.218871325 -0.238538578
O 1.109794497 -0.790677071 2.727588892
H -0.240442917 -0.969634473 -2.237551212
H -2.007232904 -1.209996104 -0.452623278
H 1.916070461 -1.268399358 -0.124757841
C -1.570887804 -0.394594014 0.122630507
H -1.475834727 1.229561090 -2.282575846
H 1.242153883 -0.123542704 -1.916980982
C 0.732941628 -1.543477535 1.739567518
H -0.440149963 0.596284389 2.556494236
C 1.059423804 -0.935751379 0.450799227
H 1.183926105 1.282515764 2.776559591
H 0.028250771 2.067928076 -1.897753835
C 0.162968397 -0.091001123 -1.733281851
C 0.810026348 0.525454938 0.736038029
C 0.599418998 0.520711839 2.256194830
H -0.155849546 1.207206845 -3.433958530
C -0.392662644 1.175390363 -2.378853559
