18

H -0.619874001 -1.906330109 1.838024497
H -1.663540125 0.539987922 -2.722844601
O 0.826122999 -1.672653675 -1.780658484
C -1.922817588 0.428106904 -1.657072306
O -1.062392592 -1.660066485 1.011312008
C 0.462877601 -0.858041763 -0.972479343
C -0.351223618 -0.684720874 0.387939960
H 2.344735622 1.155251265 1.803050280
H -0.104000680 1.357648969 1.208628774
C -0.710870385 0.056794915 -0.878125846
C 1.691595078 0.268061191 1.742188334
H 2.291661024 -0.564536929 1.370115519
C 0.510315537 0.530030787 0.831740141
C 0.714986980 0.647979438 -0.691502810
H 1.367685676 0.031687755 2.759025335
H -2.704705477 -0.338750571 -1.587563634
H -2.339664459 1.377096534 -1.312513113
H 1.269107938 1.292454600 -1.349263906
