21

C -0.401391596 -0.374792308 1.612881899
O 0.616947889 -1.390636802 -1.955143571
O -0.015160478 -2.694898367 -0.134133905
C -0.879759789 2.654561996 -0.333440363
H 0.256888777 -0.539954960 2.469550610
H -0.372908711 1.806220174 2.015457392
H 0.043649726 3.210718870 -0.213095754
H -1.658609033 3.091410160 0.302436054
H 0.854240000 -2.827623844 0.243487746
H -1.215946078 2.614375114 -1.338423729
C 0.250238776 -0.284184098 0.235316977
C -0.098971710 -1.418139815 -0.717065513
N -0.438432574 1.104790449 -0.016894618
H -1.136869907 -1.291172981 -1.050820827
H -1.212085605 -1.110943675 1.647251368
C -0.892083168 1.064038396 1.392200947
H -1.974966526 1.219529986 1.498659611
C 1.948324203 -1.530360818 -1.967261434
H 1.330525756 -0.128358155 0.253819525
H 2.437231064 -1.460129976 -0.968736470
O 2.559138775 -1.714448810 -2.976045609
