14

H -2.862472057 0.657451987 2.088097334
H 1.305759907 0.867796361 1.508139014
H 2.728769541 -0.039086454 0.917929888
C -2.118248940 0.505690336 1.352625847
H -0.159485817 -1.658208966 -1.897779584
O -2.011168718 -0.849839270 -2.001963139
C -0.898842216 -0.896229506 -1.581317067
C -0.310291916 0.075403504 -0.551339805
C -1.303083181 0.340814114 0.500712216
N 0.986280441 -0.454829693 -0.154430494
H -0.123137720 1.011675835 -1.083564043
H 0.876306415 -1.342546105 0.301276445
H 2.081103086 1.307566762 -0.018225964
C 1.808511853 0.474341393 0.619839251
