20

H -0.119927473 -0.323409170 -2.228185177
C 1.417209029 0.324724913 0.792433619
H -0.961756170 -1.920596838 -0.398212463
H 0.740862012 -2.239610195 -0.035758309
H 2.248001337 -0.386763304 0.649081826
H -1.205310702 0.678983390 1.323910832
H 0.836232305 1.103460789 -1.796971560
H -0.698784471 1.849073291 0.127704993
H 1.766090870 1.310395122 0.474407911
H 1.581323981 -0.499255389 -1.756620407
C -2.250896454 0.572821677 -0.508861303
O 1.018724799 0.358988285 2.158269882
C 0.650670469 0.039162658 -1.555721402
C 0.236137465 -0.119961753 -0.086262159
H 1.714115024 0.770564020 2.677737236
H -3.129049301 1.092017293 -0.048076630
C -0.968133569 0.791836143 0.261840105
C -0.114709109 -1.596264005 0.204442143
O -2.397702456 -0.072734751 -1.520201206
H -0.363097966 -1.733431816 1.265042067
