23

H -3.592481852 1.559411049 1.277400374
H 4.337226391 -0.137965605 -0.384989679
H 1.604503870 -1.880176544 -0.241584137
H -3.835664511 0.030715123 0.427589953
H -4.417297840 0.203532875 2.073082685
H 2.936946869 0.230170101 0.635863483
H -2.316925764 -1.121039033 2.048560619
C 3.375772715 0.365411758 -0.360465199
H -0.589992940 -0.038096581 -2.382595062
O 0.613477051 0.586787522 -0.246535957
H 3.543172598 1.429786086 -0.507497847
H 2.817753315 -0.051016334 -2.449332476
H 1.443469644 -2.085756779 -2.039681435
C 0.991895735 -0.045840960 -1.292709827
H -2.098390818 0.376242042 2.925362110
O 0.303036690 0.271957695 -2.484647512
H -1.215835810 -0.239417434 0.173918486
H -0.857151747 1.348319411 1.158622503
C 2.464785814 -0.191280201 -1.441130161
C -1.189638019 0.374216974 0.975851238
C -2.294040680 -0.037596282 1.946645617
C -3.624259949 0.472659379 1.402862787
C 1.599639535 -1.421024203 -1.214589715
