21

C 0.592991412 -1.759563923 0.675676882
H -0.027594309 -2.351809025 2.654699087
C -0.416787624 -2.339843988 1.627721667
C -0.453003168 1.020327091 -0.633821666
H -0.891233444 0.491395593 1.421160340
H -0.653827488 -3.361911058 1.343810081
H -1.344209194 -1.772702217 1.622654080
H -1.234506369 3.088216066 -0.656827152
H 0.573714614 1.419167399 -2.569317341
O -0.805832326 -0.306930423 -1.028406501
H 1.183150411 2.443390608 -1.198912740
H 0.863574207 -1.430133462 -1.484372616
C 0.951313317 -0.308261454 0.552048326
H 1.482381344 -2.384397268 0.572359800
H 0.379815787 1.710203648 1.262904406
C 0.378695637 1.843586445 -1.588572145
C 0.320069939 -1.053828835 -0.624939740
H -1.798589945 2.042247295 -2.028757334
C -0.047574945 0.818443239 0.814036429
H 2.000315428 -0.024398429 0.537676275
C -1.052863121 2.216803551 -1.270819664
