14

H -1.707661867 1.004071712 -0.087588474
H -0.200842112 0.268539101 -2.139964104
C -1.759177923 -0.053362519 0.149253532
C 1.081713319 0.353205353 -0.369862407
N 2.453746796 1.408057928 0.914808095
O 1.358345747 0.756075740 1.769202232
H -0.785452485 -1.428848267 1.648959875
C 0.590266943 0.188064262 0.905910313
N 2.198012352 1.109664559 -0.278345108
H 0.785805225 -1.171726942 -1.852448583
N -0.855051279 -0.980315506 -0.530274034
C 0.225119382 -0.371578455 -1.351898313
H -2.764111042 -0.432179570 0.318603337
C -0.620713592 -0.649667919 0.903643548
