16

H 0.010828169 -2.202574968 0.182102963
C -1.125763059 1.052773595 1.114368081
H -0.418094367 -0.769204199 2.085059166
C 0.903855979 0.544982791 -1.524714351
C 1.112690806 -0.273738414 0.623901606
H -0.951308370 1.655530453 2.000475645
H -2.187206984 0.796911776 1.076038241
C -0.057456635 -0.654596627 -1.439974785
C 0.031021809 -1.138766646 -0.006791518
O 1.176253557 1.199623108 -2.484646082
O 1.472323895 0.745543003 -0.301498830
H -1.053104043 -0.365568787 -1.792427301
H -0.888152063 1.674017668 0.247629330
H 0.306272000 -1.416820407 -2.141417503
H 1.958274484 -0.640693605 1.196480513
C -0.290435046 -0.207419157 1.165414810
