21

C -0.625275195 -0.280919820 -0.597852707
H -1.809824944 -1.943961501 -1.315553308
C 1.894134879 0.474656582 1.032449841
O 0.063721932 -1.904243708 1.066754699
C 0.933343232 1.395722747 0.327169746
C 0.450819016 0.516718686 1.465773106
H -1.722985983 1.161369443 -1.899109244
H 0.212308750 0.925751746 2.442350626
C -1.209821343 1.072135925 -0.943667650
H -0.065579027 -2.177070141 -1.472858906
H 0.199994907 -2.044406414 2.010821342
H 1.047858357 2.463887453 0.462950975
C 0.286534339 0.886746764 -0.934401453
H -1.663094044 1.671514034 -0.149705738
H 2.246733665 -0.407950431 0.515992880
H 2.624632120 0.942495704 1.690479875
H 0.817919552 0.900516629 -1.889561653
C -0.862986088 -1.437196493 -1.539306164
C -0.463850260 -0.591976106 0.904786706
H -1.443710685 -0.546258569 1.395292401
H -0.910873532 -1.077532530 -2.572805882
