17

H 1.437232614 -0.584726036 -2.068653345
C 0.438880086 -1.232870936 0.025222205
H -2.109549999 -0.331322402 -1.633408070
H 2.609229326 -1.186634660 0.094598785
O -2.388625622 0.972571731 0.064266108
H -2.270359755 -0.259794205 1.780734420
H 2.550983906 1.126540661 0.801935315
C 0.988508105 -0.334171534 -1.108993411
C -1.584878802 0.211583942 -0.860368073
O 1.890319228 0.510420144 1.134029388
H 0.339083642 -2.316481113 0.085719384
H -1.241417527 1.211850643 1.868726492
C 1.754971147 -0.512952030 0.190016925
C -0.145083889 0.707426012 -0.897357702
C -1.646852016 0.440469116 1.200360894
C -0.645982981 -0.190525189 0.238066748
H 0.023542477 1.768615961 -0.914895415
