18

N 1.276114345 -1.214835048 -0.423948377
H 2.584913969 -0.523708344 -3.343477249
N 2.110171080 -1.421205878 -1.467585683
C 0.996615231 0.352662146 -2.047091007
C 0.580868959 -0.135158598 -0.778095067
H -0.983395934 -1.304976463 1.125246286
H 0.090331867 -0.179589599 1.962257743
H -0.968567073 2.010814667 2.465679646
C -0.761427701 -0.234212920 1.276714444
H -0.997893035 1.108708858 -0.271846533
H 2.706930876 -2.226376295 -1.456592798
H 0.627404630 1.224053979 -2.572070599
C -1.980574965 0.458826780 1.882523179
H -2.221606016 0.005680008 2.839747667
C 1.983701110 -0.505249560 -2.452091455
N -0.394774258 0.382827371 0.019896179
O -1.799799800 1.861257553 2.008071899
H -2.849013567 0.340481430 1.232661009
