17

H -2.037365198 0.508203030 0.199980035
C 0.774771571 -1.051866770 -0.344582796
C 0.515112996 1.539538503 0.356601208
C -0.347325861 -0.840480208 0.668056011
O -1.137924194 -0.333365083 -1.479171157
H -2.381725788 -1.201643825 -0.094135985
H 0.809764981 0.418526620 2.218765259
H 0.644755363 -0.193183154 -2.436866045
C 0.257253349 -0.078559123 -1.418185711
H 1.383021355 2.191807747 0.538357615
O 1.760224700 -0.457658172 0.515796721
C -1.593817115 -0.435942143 -0.124750674
H -0.390733331 2.082480431 0.629876971
C 0.655708611 0.259632260 1.144917130
H 1.067392230 -2.035235167 -0.721117198
H -0.481988907 -1.637265325 1.399619222
O 0.502874792 1.265010118 -1.053160310
