16

H 1.423557997 2.257866144 -0.365695655
H 0.988145173 -1.406979680 1.499457598
C -0.795690417 1.940299511 -0.459595293
C -0.562374771 -0.573843002 0.226258606
H -1.515573978 1.633652806 -1.201909304
C 0.626499355 -1.527278066 0.471112758
H -0.942796111 -0.748021603 -0.787528038
H 0.885688543 0.988072515 -1.559018016
H 1.465166926 -1.264980078 -0.186696440
C 0.646590710 1.561814547 -0.666755855
H -1.008718133 2.908360004 -0.007984182
C 0.283010393 -2.931620598 0.241023958
C -0.174690455 0.875920475 0.404024988
H -1.369981170 -0.837929130 0.912193954
H 0.058499213 1.151287198 1.426223040
N -0.007333298 -4.026620865 0.054888103
