16

N 1.624737024 0.060227390 0.329371810
C 1.889342904 -0.254194230 -2.032972097
H -0.866450012 -0.371998519 2.682953596
N 0.915312946 0.906468511 0.986358404
H -2.006243706 1.034374118 2.460124493
H 1.276246548 -0.539403021 -2.891478062
C -0.400756896 1.037783027 1.029004097
C -1.296591282 0.356207669 1.987705588
H 2.189908981 0.786774278 -2.107131243
N -0.021557830 -1.212236047 -0.759553969
H 2.786738396 -0.880570173 -2.008840561
C 1.096219897 -0.455473721 -0.791363657
O -1.394130111 1.151604772 0.055797867
N -1.022392631 -1.133881330 -0.003054978
H -2.914647579 -0.333147198 0.449229360
C -1.855736256 -0.152535662 0.613849521
