17

H 2.090467691 3.268716335 -1.574871540
C -0.928721428 -0.801337302 0.668957412
C 0.451359242 -1.403355718 0.690160096
C 1.612365007 2.325513840 -1.470365882
O 1.231365919 -0.861004770 -0.288720846
C -1.121054649 0.595250666 1.316806316
H 0.467765450 -0.566996813 -2.167944908
C 0.447492778 -0.036563475 -1.209417701
H 1.838904023 -2.504747152 1.270157337
C -0.998270750 -0.029126000 -0.653210104
H -0.235199481 1.024716616 1.795572639
C 1.075610161 1.262353063 -1.337631464
O -1.361548305 1.189969182 0.017380858
H -1.737666130 -0.314330548 -1.418982863
H -1.702690244 -1.529439569 0.913953960
N 0.857109904 -2.303994417 1.471597314
H -1.987288713 0.684376538 1.976559281
