23

H 0.018953880 3.038575172 -0.035204440
C -0.565712094 -0.761401892 1.181300402
H 0.355663955 -1.806306243 -1.089678168
C -1.709722877 -0.538222492 0.157133132
C -1.007257342 -0.107847795 -1.155979633
C 0.822427094 1.183269024 0.517414749
H 1.569400191 1.612977386 1.183118701
C 1.996814370 -0.974400580 0.997176766
H -0.717604041 -0.217282116 2.118640900
C 0.386241883 -0.720208526 -0.997852683
H -1.535335064 -0.487288505 -2.032215834
H 1.103871584 -0.345146179 -1.733055353
H 2.162394762 -0.714599252 2.043016434
C 0.014498885 1.965272665 -0.191112295
H -0.495958805 -1.821763158 1.436719179
H -2.273973703 -1.458723426 0.005236438
H 2.883217573 -0.670214772 0.430353671
H -2.419893742 0.211023003 0.493887305
H -1.879269600 1.883569241 -1.204538822
H -0.494616598 1.699502349 -2.249043941
C -0.882947564 1.421048880 -1.264003038
H 1.933123350 -2.064092398 0.939975619
C 0.735683501 -0.327739865 0.448710978
