23

H 1.663046479 1.044482827 -2.337976694
H -0.911074638 1.559348583 -1.222276092
C 0.003100111 1.740878224 -0.663548648
H 2.248913050 -0.911241591 0.829639733
N -1.363416433 -2.264030933 1.027744055
H 1.115864754 -1.737366080 -1.133440375
H -1.958862424 -2.813737869 0.427912742
H 1.084300399 -1.996834040 1.634577870
C 0.950773656 2.607433081 -1.481149912
C -1.168326735 -0.913885951 0.476656705
H -1.740567446 -0.857400000 2.617726564
C 0.201606080 -0.307249278 0.651352465
H 1.789810300 2.932390928 -0.848571539
H -3.154637337 -1.059003592 1.476626515
O 1.254699826 -2.279495001 -0.344222993
C 1.267985702 -1.395387292 0.750495613
O 1.411042571 1.928637147 -2.630496025
H 0.201758727 0.293142140 1.567830563
O 0.668561816 0.523605704 -0.407553166
H -1.638164878 -0.699026525 -0.481560439
H -0.271816760 2.242409229 0.277142972
H 0.424653679 3.502439260 -1.817245722
C -2.079251289 -1.140109420 1.630335569
