23

C -0.324641079 0.611121655 -1.405068755
C 0.837481797 1.539757371 -1.485015869
H -2.258063793 -1.306676984 1.004112005
H -0.179319829 2.427081108 2.352542400
O -0.665814877 0.852701366 1.167550445
H 1.227754951 1.567398190 1.682664990
H 0.078658774 -2.668380499 -0.807647347
H 1.752487183 1.260064006 -0.972667754
H 0.521161973 -1.704643488 -2.227886915
H -1.292655587 -1.342160702 2.499264717
H 0.732445121 -0.658968508 1.178170443
C 0.224001169 1.435429454 2.101852894
H 0.664773881 2.611433506 -1.552639246
H 1.548957229 -1.662129283 -0.780645847
N 0.479833037 0.681728005 -2.630278587
N -0.312794745 -0.604453087 -0.651336610
C -1.261778593 -1.474968433 1.409428239
H 0.303545594 0.848787308 3.024893284
H -0.954910994 -2.500879765 1.199646592
C 0.506552994 -1.717007399 -1.146145105
H -0.035533059 1.197529078 -3.322650194
H -1.302278996 1.074777365 -1.428387880
C -0.289862067 -0.467539221 0.790243328
