15

O 0.190121353 0.897026777 0.372568756
C 0.142071158 0.509034276 -0.938422203
H 1.199984670 1.295377254 -2.620515823
N -0.101672448 -0.170569837 2.533502102
C -0.081207402 -0.213194907 1.138294339
H -0.201246977 -1.418114305 -1.921255231
O -0.611767769 -2.560424805 0.703297377
H -0.610452652 -2.565969229 1.670124650
H 0.804799497 0.058337022 2.937054157
H -0.509915233 1.685945034 -2.603447437
C -0.285246372 -1.283239484 0.320287019
C -0.126743481 -0.831203520 -1.018444657
H -0.764945984 0.520855546 2.888030291
C 0.367439806 1.557163358 -1.964496613
H 0.588781953 2.518976450 -1.496576428
