19

C -2.133713007 0.620397210 -1.829986095
C -0.578025818 1.851004362 -0.064515412
C 1.980345011 -1.900647044 1.543322802
C -0.208041176 0.453543156 -0.152190834
H 2.777783394 -2.648687840 1.558000684
H 2.247669697 -1.089739084 2.229716539
H -2.990168571 1.284038424 -1.997787952
C 0.725936890 -0.384670168 -0.007726177
H -1.373570204 0.872233152 -2.571309328
H 1.588152409 -2.180194378 -0.579252183
H -0.242561877 2.532300949 -0.845375359
H -2.462161064 -0.409026802 -2.016694069
O -0.644933879 2.479296923 1.172681808
H 2.734176636 -0.916481256 -0.232852265
H -2.312987328 0.553393662 0.362486929
H 1.061130762 -2.363600016 1.908953547
H -0.357057244 1.837192774 1.828693748
C -1.598191977 0.768314779 -0.422095209
C 1.786217332 -1.358669162 0.115928940
