16

C 0.628282785 0.610503078 -0.057897508
C -1.169992089 -0.758496583 -0.015227035
C -0.562017560 -0.745469749 1.209363103
H 2.441448927 0.779213309 -1.900501490
H -0.290815115 -1.168841839 3.027070522
O 0.542449057 0.067372680 1.214436650
H -0.535877883 0.363952368 -1.879350662
O -0.905891418 -1.395748019 2.323979855
O 2.097622871 1.644322276 -1.679941416
H 1.310829401 2.638367414 -0.099065937
H -2.447946787 -1.663840652 -1.317611575
C 1.687907577 1.624501705 -0.316496432
N -2.356321573 -1.412263513 -0.342949897
H 2.530043125 1.446095228 0.378039628
C -0.370634913 0.123271972 -0.835902095
H -2.599087000 -2.152940035 0.292054683
