14

H 1.914162755 -1.423330188 1.175643444
C -0.631399930 1.228398085 -0.637837946
H 1.788398981 0.958652437 1.434194207
H -0.115073279 -2.641686678 0.643727005
C -1.219742298 -0.997456372 -0.188543305
O -2.350968361 -1.311110854 0.059037942
C 1.094942451 -0.893234730 0.683681488
H 2.262440205 0.646546423 -0.205170617
N 0.374586344 1.519953489 0.049672842
H -2.002477646 1.842017889 -1.770042062
O -1.553373218 2.127747536 -0.953072906
C 1.401518464 0.572248459 0.474492252
C -0.013347335 -1.589052558 0.403212100
O -0.949667394 -0.039693344 -1.168994188
