15

C 0.129378200 2.550884008 -1.309384108
H -0.833776295 2.719172716 -1.765482187
O -0.415161461 0.185277969 -2.291106939
H 0.504431427 -2.956437111 0.607667744
N -0.728453100 -1.734667897 1.961301446
C 0.524235964 -2.206194162 1.385688901
O 0.107998528 1.387352705 -0.452878237
H -1.529681921 -2.120226622 1.487970352
C -0.249510631 0.274061084 -1.115368843
C -0.012814280 -0.878086150 1.010719776
O -0.439032197 -0.778682947 -0.302950740
H 1.345779181 -2.293981075 2.076691151
H 0.389791757 3.371736050 -0.641767085
H 0.320713907 0.048108310 1.441193104
H 0.886100829 2.431683064 -2.092293978
