20

H 1.005094528 -1.180615306 1.816315532
O 1.482588887 -3.084806681 0.122993626
C 1.587995052 0.937990308 0.088245235
C -0.740706801 1.046670794 1.176846385
C -0.691129863 -0.545189619 -1.884447575
H 0.192771316 -0.642738819 -2.497307539
H -1.253134608 0.465525597 1.952107430
H -0.334613800 1.965681195 1.619113445
C 0.561604261 -2.305767536 0.188913748
H 1.378189325 1.941651225 -0.283122122
C -1.589400411 1.221442461 -0.116061606
H 2.178225517 1.032921314 1.000140429
N 0.543478072 -1.144223332 0.921651006
H -2.655673504 0.962744236 -0.032433286
C 0.282833576 0.183503225 0.390136778
H -0.402281195 -2.484951496 -0.323692411
H -1.494954467 -1.203719020 -2.155595779
C -0.695362747 0.206854835 -0.769186318
H -1.527752876 2.226185560 -0.554586470
H 2.172229767 0.400841504 -0.660030305
