14

H -3.000736475 -0.290156811 0.425697207
C 3.182356596 0.745921910 -1.061451912
C -0.384995311 0.760231256 -1.240801573
C -1.950612903 -0.127136335 0.176838502
N 0.328061670 -0.447767317 0.663443446
H 4.194964409 0.928073645 -1.299453616
C 0.657307208 0.290265352 -0.474709123
H -0.158029929 1.321252584 -2.145749331
H -2.114109039 -1.443665624 2.283635616
C 2.017435789 0.519574225 -0.785698950
N -1.676433325 0.571999848 -0.934168220
O -1.166576624 -1.371490240 2.117583990
H 1.043183684 -0.810512662 1.277731180
C -0.971816242 -0.646590233 0.997102857
