17

C -0.624271154 -1.331025481 0.253096551
H -2.265135050 -3.821198940 0.178956598
C -0.844146490 0.987885833 1.173944354
H 1.436970234 3.896481514 0.146009266
H 1.295092225 3.333915234 -1.521331906
C -1.225026488 -3.762814045 -0.153072461
C -0.826505125 -2.418450832 -0.049818113
C 0.711504638 0.615095317 -0.381114036
H 1.323285580 0.120001800 -1.126649022
H -0.601965547 -4.368868351 0.486926734
C 0.735604882 1.906393170 -0.031962268
H 2.623777390 2.757248402 -0.515268445
H -1.164001822 -4.114313126 -1.181810975
C -0.294611394 0.008089128 0.393843442
H -1.633789659 1.015576959 1.888249040
C 1.563152194 3.029414892 -0.499889106
O -0.209934860 2.146568537 0.939890265
