14

C -0.743138313 -2.368146658 0.001604519
H -0.892909408 0.469778389 -1.451686621
H -0.285997838 1.660714030 2.337012529
O 0.520117640 2.206445217 0.002635841
C -0.357464492 0.779179752 1.707856178
C 1.144963145 0.086141363 -1.722542524
C 0.071431346 1.131606102 0.308415622
H -1.370080829 0.387323558 1.712531567
H 1.454742312 1.122710586 -2.005981684
O 1.708733201 -0.894320309 -2.103287220
C -0.454417169 -1.268633842 -0.370805651
H -0.985170484 -3.356508017 0.301050365
C -0.091326542 0.059077568 -0.811359048
H 0.280517370 -0.015367748 2.094556332
