20

H 2.649027109 -0.557509720 -1.018939257
C 0.567631960 -0.399099112 -0.514225245
C 0.236832261 1.055879712 -0.338481337
O 0.340937614 0.777516842 2.201954842
C -0.019449035 1.515620470 1.075442791
H -2.549546957 -0.483942509 -0.243693814
H 1.978917003 -1.986938357 -0.206295967
H 0.623811662 1.780944943 -1.045302868
H 0.222981527 -0.156134278 2.018858910
C 1.956934094 -0.889618039 -0.233573899
H -0.955896258 -0.543117881 -2.109958649
H 0.046682194 -2.052460432 -1.926396370
H -1.939739108 -0.517105401 1.395357132
C -1.172537446 1.132397890 0.212764323
N -0.577096045 -1.213341594 -0.037710302
H 2.316719770 -0.510999441 0.707441449
C -1.663891435 -0.295448095 0.369779408
H -1.875936389 1.904316664 -0.109545067
C -0.293057531 -1.130045772 -1.479105115
H 0.106674775 2.569084167 1.281628847
