16

H -2.369753122 -0.820778310 1.223258018
H 3.103281260 -0.011983849 1.061488986
H -3.048328876 -1.528578401 -0.251957148
N -0.918019116 -1.576456785 -1.510981679
O 0.908451259 1.879271150 0.633339524
C -1.078972101 -0.788456142 -0.523426235
H 3.266754866 1.260220885 -0.151656121
C -0.010813255 0.083499983 0.012765249
C -2.434871435 -0.727600336 0.139176473
H -1.097384691 1.612334013 1.040514708
H -2.940022469 0.223609984 -0.068743415
H 0.006607988 -1.493800044 -1.900338054
C 1.251577258 0.691441536 0.212288857
H 2.887253284 -0.384305209 -0.658874512
N -0.245457694 1.221517801 0.635716677
C 2.719697237 0.360063761 0.107428662
