18

H -1.616613865 -1.082136989 2.215735674
O -0.385549456 0.581393898 1.769503236
C 0.812085509 -0.294185609 -0.251169235
H 2.627383232 0.494659632 -1.188882828
H -0.057835437 1.533128023 -1.048747659
H 0.986315250 -1.292877436 -0.661933482
C 2.158045053 0.451913714 -0.194541350
C -1.625851750 0.096226670 -0.960815728
H 2.011571646 1.484505296 0.158082768
H -3.181307793 -0.416579813 0.363226771
H 0.879212379 -1.118341208 1.805471301
H -2.300802946 0.230970711 -1.810719609
C -0.172628209 0.442688853 -1.176615477
C 0.242567718 -0.519435704 1.132373214
H 0.099789396 0.262558639 -2.224658012
H 2.855851412 -0.035387710 0.485067427
C -1.212265134 -0.523834050 1.372085929
C -2.119967222 -0.295267045 0.216536731
