20

H -0.340119064 -2.731055498 -0.454225600
H 1.761195421 1.668773532 1.099593520
O -0.848059833 2.684824228 -1.449962020
C -0.618486226 1.604961276 -0.993745029
H -1.974937677 -1.795573354 -1.680201054
O -1.332983494 -1.164121628 -1.321556330
H -1.490227699 -1.908841133 0.620599627
H 1.012276649 -0.594648778 -1.689814091
H -1.425819278 0.900529623 -0.754856944
C 0.708399713 1.531915665 0.812330365
N 0.670403242 1.235573530 -0.642232239
C 0.399498522 -0.900155127 0.423915207
C -0.740672231 -1.745863914 -0.169753090
C 1.168277144 -0.171020627 -0.699169874
H 2.240134001 -0.152093351 -0.482460290
H 0.493699908 0.070376225 2.433947325
H 0.165015280 2.457722664 1.025194645
C 0.088268876 0.260920227 1.437660813
H 1.061852336 -1.620271444 0.930776000
H -0.997715950 0.368048251 1.553959250
