15

H -1.674608469 -3.133432388 0.957589090
C -0.382568955 -0.271067053 0.133702785
H 2.793685436 0.134127006 -0.346277177
C -0.792193532 -2.527658224 0.731733501
N 0.916587472 -0.602134526 0.073058344
H -0.105564468 -2.515574217 1.572248697
C 0.107886471 1.932940722 -0.494361639
H -1.902185678 1.258757710 -0.069157489
H -0.264472127 -2.928347111 -0.144677252
N 1.420561075 1.639408112 -0.596072853
H 0.542429805 3.655727148 -1.049890041
O -0.260965139 3.187446356 -0.801910818
O -1.287801266 -1.215469718 0.458592653
C 1.738711715 0.379180074 -0.292578369
C -0.849502444 1.006095409 -0.131999552
