18

H -2.649963856 1.170960665 0.807899177
C 0.295993388 -0.090446450 -0.592992187
H 0.842640996 0.868722022 -0.568823218
H -0.437233180 -0.149939358 2.501884460
H -1.313377857 2.235417843 -1.012609124
O -1.171253204 2.369494915 -0.065647930
O 1.153161764 -1.171988606 -0.290076226
H 2.795545340 -2.177147627 -0.913915098
C 2.213178396 -1.297891140 -1.195407391
H 2.874238729 -0.425707906 -1.174530625
O -1.669629216 -1.201505423 0.389519095
H -1.338933229 -1.811059952 1.062506557
C -1.581189513 1.212388277 0.608216882
H 1.858080626 -1.449085712 -2.227994919
C -0.656419516 0.637496412 1.726480961
H -0.126198709 -0.213082492 -1.608063102
C -0.837638319 -0.054257587 0.414271235
H -0.251002610 1.547631741 2.139281511
