14

H -3.081465006 -0.197524861 -0.588714600
C 0.216048196 -0.460600138 -0.255896091
N 1.077989697 -1.397213340 -0.718056440
H 2.524336338 1.442269683 1.275214791
C 2.047203064 0.628720164 0.730583131
N -1.076399684 -0.672440112 -0.571505964
C -2.148813248 0.228562489 -0.224867448
H -1.267226934 -1.483791113 -1.132726431
H 0.031699527 1.379012942 0.898398459
H -2.020532608 1.216130018 -0.693145275
H -2.235446215 0.369995207 0.857135653
C 0.690792859 0.608692467 0.508523822
N 2.367588997 -1.327288270 -0.395058215
N 2.874224424 -0.334525228 0.310114592
