21

C 0.148123950 0.989483654 0.347466409
C -1.762099266 -0.209091216 -1.518811941
H 0.905176342 1.604386091 -0.148585588
H 3.017783880 -1.389920354 1.908394694
H 2.174199581 -1.390736222 -0.432371795
H 1.547228336 -0.604243696 2.492966890
H -2.414417505 1.717456222 -1.650191188
N -1.582175612 1.226494908 -1.355109572
H -0.434368163 -1.976134181 -1.352221370
C 2.202865839 -0.706046641 1.617974877
H -1.895466328 -0.414900720 -2.589750767
H -1.969429135 1.133335114 0.743588448
C 1.458856463 -1.274967313 0.403261930
H 0.320067078 1.106034160 1.430401206
C -0.570726454 -0.952996135 -0.994929373
C 0.287176251 -0.446782172 -0.101640917
H 1.097896338 -2.283463717 0.619320929
H -2.674567461 -0.584322214 -1.018279910
C -1.247890592 1.554015160 0.025677022
H -1.257620692 2.635402203 0.152246490
H 2.649388075 0.266996950 1.420593500
