20

H -0.976258695 1.249945521 -2.015057325
C 1.453266501 -0.514220655 0.466887087
C -2.710124016 1.419426203 -0.990437627
H -1.724533677 0.250999093 1.595023870
O -3.372015953 1.343270898 0.015582848
H -3.118471384 1.712176919 -1.964830518
H 0.362943232 -1.850908518 -0.872829914
H 2.473011732 -0.420693219 0.843263447
C -0.783808112 0.157454014 1.098572016
C 1.363936186 -1.751908660 -0.439117998
C 0.421521872 -0.578152478 1.639105797
H 2.084561348 -1.683220983 -1.265514612
H 1.316165209 0.754037559 -1.355005860
C 1.014704108 0.758536458 -0.302369565
H 0.827678919 -0.099699087 2.540442705
H 1.447481632 1.659175754 0.153417900
H 1.592883587 -2.667994261 0.113966458
H 0.174201012 -1.612685204 1.923845649
N -1.363026500 1.145806670 -1.092240810
C -0.484117180 0.728653729 -0.092703663
