16

H 1.270793915 1.903086185 -1.225092888
H -1.988137841 -0.567861080 1.256079316
H -1.070256829 -2.018330097 0.754682541
C 0.116177365 0.099902220 -0.681816220
C -1.012887836 -1.057995796 1.291557670
H 2.192739487 0.383666992 -1.316898346
C 1.059603214 0.398765177 1.369978428
N 0.028017515 -0.230892599 0.712854564
C 1.423068643 0.925585449 -0.741825163
O -0.134430557 -0.941874623 -1.610281706
H -0.768101633 -1.264045000 2.351695538
H -2.056100845 -0.020703882 -1.187821984
C -1.062920332 0.177168772 -1.586451292
H -1.031120420 0.802482665 -2.470975161
H 1.177061439 0.289214849 2.442898035
N 1.856494665 1.121830702 0.641416550
