23

H -2.334393740 0.456586689 1.012211680
C -1.243260264 0.400083005 1.158492565
C -0.583533883 -1.575642824 0.933431566
C -1.772665858 -1.094005346 3.077432394
H -1.377260923 -1.965162754 3.607609987
H -1.924471378 -0.301166028 3.799528837
N -0.821428120 -0.674000382 2.075769186
H 3.173267841 0.372164071 -2.160653114
H -1.114026189 -0.419552743 -0.923608482
C 2.389764071 1.118101478 -2.035058737
O 0.315810204 0.900977552 -2.516484499
N 0.802210748 0.075787686 -0.317089766
H 1.678754091 0.715607882 -4.125121593
H 0.326306850 -2.186522961 1.009773612
C 1.481259704 1.361209631 -3.270211935
H 1.356272817 2.390201807 -3.582668066
H -1.430594206 -2.226716995 0.692125797
H 2.801299810 2.007647038 -1.582117319
C 1.116705179 0.626593888 -1.438359737
H 1.353660464 0.347260416 0.496944934
H -0.880958974 1.394182920 1.421190381
H -2.762820721 -1.376301408 2.667235851
C -0.549896955 -0.347332984 -0.000373297
