20

H -1.133242488 -1.592868328 0.780161202
C 1.342940807 0.313289762 1.718679309
H -2.034590483 0.757906079 0.912751317
H 2.248620033 -0.080480888 1.240031719
H -0.908949137 1.955673695 1.712888598
H 0.466011077 2.067242384 -0.386210978
C -0.226342499 -1.194428444 0.290288031
C -0.177477404 1.206209183 -0.258032560
H 1.543375731 1.369495749 1.973528624
H -0.180642739 0.828266621 -2.405133963
N 1.662188053 -1.856754184 -2.560550451
C -1.020496249 1.143244863 0.991705775
C 0.139433920 0.187953293 0.830212533
C 0.725790083 -1.500011921 -1.981337667
H -1.764695644 0.680894315 -1.659398079
H 1.205120444 -0.219225913 2.659700155
H 0.563530624 -1.919041395 0.475123316
H -1.304525495 -1.622963428 -1.584458828
C -0.697328210 0.502922058 -1.497688174
C -0.448720247 -1.027323723 -1.252259254
