15

C -0.775162935 -1.142487288 -0.783456206
H -0.088542193 2.889686346 1.209969521
C -0.772633255 0.848932445 0.838401556
H 0.077474415 -1.117444634 1.144660711
C -0.061857432 -0.378232002 0.339536577
C 0.108401559 1.894221544 0.857818842
H 2.225894451 2.054301500 0.121595822
C 1.329460382 1.481019378 0.304350108
H -0.623967409 -0.613312721 -1.736234546
N 1.243665934 0.173992574 -0.017762661
H -1.809227705 0.845089316 1.125887275
H -0.693881214 -2.938115835 -1.539617300
H 1.946151137 -0.380562305 -0.460321963
H -1.855564952 -1.157377243 -0.569076240
O -0.250210822 -2.459711790 -0.835751593
