23

H -1.203032255 1.811731339 0.564369380
H 1.064588904 -2.645669222 -1.485084057
C 0.098554313 0.607948601 1.835680246
C 0.655474007 -1.806268930 -2.062682629
C -0.945636034 1.678924084 1.625519514
H -0.198400453 -2.190519094 -2.645483971
H -0.987653553 -2.072653055 0.005922282
C 1.147699594 0.139244437 0.891726851
H 2.247843981 0.454203606 -0.951285064
C -0.717207015 -1.006536841 -0.002603626
H 2.102621794 -0.133738399 1.348197937
H -0.647593081 1.394172668 -1.239336848
H 0.398654222 0.576425612 2.883419991
H -0.561051607 2.645103455 1.963576198
H 1.413699985 -1.472378612 -2.778300524
C 0.232973918 -0.683011532 -1.152237296
C 0.171994075 0.753561378 -1.574638009
O -2.091361046 1.377797127 2.391390800
H 0.507367313 0.984393001 -2.579304695
C 1.226006985 0.341350317 -0.580875695
H -1.665883183 -0.452338338 -0.069127798
H -2.240811586 0.427444011 2.344631910
N -0.008849815 -0.729185581 1.266526461
