23

C -0.550763786 -1.914959669 -0.608055532
H 0.748946786 0.371431202 -2.884308815
H -0.452124536 2.209580183 0.141273350
H -2.128207684 -0.059857607 -1.275394320
H 1.685895681 -0.895040989 -2.075439930
H 0.364701152 -1.155980945 1.654851198
C 1.074197054 0.649520397 0.693012059
C 0.500992000 1.773421288 -0.111235015
C -0.577527761 -0.450244904 -0.185717538
H 2.246511698 0.786418498 -2.050744057
C 0.585054159 0.411081433 -0.739381373
H -1.606414557 -0.398911804 2.776820421
H -0.772311509 -2.016304016 -1.678399324
H -1.289225101 -2.480898142 -0.046067528
C 1.356267810 0.142741129 -2.008760214
O -1.875331640 0.086958773 -0.354099542
H -0.416849196 0.859228373 3.137814999
H 0.432467967 -2.359877110 -0.433608651
C -0.985572338 0.381795049 2.323261023
C -0.043335401 -0.214754000 1.278656363
H -1.647572160 1.125436544 1.885677457
H 2.102803946 0.655780256 1.039701343
H 1.247397542 2.493436098 -0.479856670
