20

H 2.391958714 0.538201809 0.237986758
H -0.461022586 1.611643553 -0.797985673
C 0.497559398 -0.266633362 -0.377830684
C -1.841410995 0.119125716 0.018252514
O 2.641102552 -1.168386102 -0.904870927
H 2.022621155 0.727288842 -1.478434920
H -0.875336289 2.291980267 1.562253833
H -2.384879112 0.345736712 0.945827425
C 1.945167542 0.021228969 -0.638309121
H -0.075652920 0.827575088 2.128476620
H 0.415973186 -2.358563662 -0.745216250
H 3.557355642 -0.933867157 -1.075319171
C -1.559099436 -1.403450012 -0.110845260
H -2.184875965 -1.870624185 -0.880602658
H -1.773650289 -1.945235372 0.823324740
C -0.118223481 1.537850499 1.309118509
C -0.098335825 -1.450640917 -0.454004258
H 0.843238592 2.061336756 1.261782169
H -2.476498127 0.464576662 -0.808278024
C -0.465990812 0.850855410 -0.015325530
