14

C -0.153649375 0.089627102 -0.009671603
H 1.578843117 -0.764547467 -1.132671118
C 0.543725908 -0.973859608 0.837545276
H -2.169153690 0.901680231 -0.401255548
C -1.631931543 -0.049303744 -0.134789079
H -0.107296690 -1.692107081 1.323789239
H 1.497654319 1.484128118 0.027737927
C 0.652069330 -1.058011651 -0.645935297
H 1.407174349 -0.648876965 1.406975865
H 0.121095523 2.026887178 -0.952775061
H 0.022866445 2.092771769 0.821533144
H 0.068477169 -1.821811676 -1.155664563
O -2.228619337 -1.085628867 0.035232231
C 0.398744047 1.499052763 -0.020051314
