17

O 0.212335721 0.070678778 -1.731012821
C 1.647195339 -0.077558711 -1.836304307
H -2.544928789 0.720230281 0.847694933
C -0.808801830 -0.995877266 0.707555473
H -0.084883705 0.879881442 1.550150990
H 0.092186287 1.962242365 -0.806968451
H 2.066672564 0.514088809 -2.665215969
H -1.360358119 -1.325593114 -0.168979064
C 0.290166140 0.919169664 -0.544497132
N -2.117533922 -1.646106124 2.879768610
C 1.785176754 0.570059299 -0.458225667
H 0.154040799 -1.515062213 0.702356458
O 2.639763832 0.627406597 0.372547001
C -0.601982772 0.536713719 0.638057947
C -1.524702072 -1.373551607 1.926445484
H 1.963563919 -1.123382926 -1.928094029
O -1.807911038 1.256660938 0.514720082
