18

C -0.864589393 -0.556611359 -1.363024831
C 0.323332816 -0.226113409 0.432424515
H 0.921698093 -1.760966301 -1.041581988
N -0.485902697 1.848872900 -0.411746591
H 1.931193590 -2.194486141 3.135641336
H -1.957115650 -0.846981585 0.754991472
C 0.932124436 -0.989656210 1.488919377
H 0.253795564 1.642398238 1.563881040
H -0.094952554 2.294562578 -1.239015102
C 0.609506428 -0.710468113 -1.042524457
C -1.378969193 0.769119263 -0.782116354
C 1.469327450 -1.634140372 2.360861778
H -1.414832473 -1.092492461 -2.124993801
C -1.206458449 -0.405027866 0.122578338
H 1.514689922 1.611789465 0.312390476
H -2.380203247 1.059637904 -1.093074799
H 1.334441543 -0.117331304 -1.617951035
C 0.492914051 1.307894826 0.544341147
