16

C 0.790111780 1.148800135 0.226386473
H 1.321627975 -0.086681046 -1.610531449
N 1.400426745 0.079051316 1.005878448
C 0.615191519 -1.026474476 0.794107199
H -0.059227254 1.049416184 -1.832158685
H -1.376014709 1.580587268 0.012971082
C -0.709014475 0.927075446 0.567897916
H -0.988584220 0.882258177 1.623424172
H 2.289751530 0.052950695 1.478026271
C -1.497205257 -1.311717868 -0.708909452
O -1.497337341 -1.808167696 -1.802091360
O 0.690254807 -2.132265568 1.261548996
C 0.495051861 0.434834838 -1.123004794
H -2.336892128 -1.493832707 -0.004925998
C -0.429231733 -0.410316229 -0.193779781
H 1.291090727 2.114481449 0.305160463
