16

C 0.215857372 2.569210768 -0.129587695
H 0.528351068 -4.445033073 -1.699529886
H -1.512269974 1.357065916 -0.171465889
C 0.020190628 0.115439527 -0.990168810
C -0.191674113 0.533116400 1.335195541
O 1.181966543 2.845623016 -0.794107974
H 0.831841350 0.757515788 1.678299427
H -0.895420492 0.854860425 2.111140013
H 0.234008625 0.249689177 -2.037244320
C 0.209652454 -2.368598223 -0.852220714
H -0.286127716 3.335673809 0.501486301
C 0.006309704 -1.073150873 -0.314065099
H 0.036997911 -1.564253926 1.687641978
N -0.334521353 -0.892213583 1.025771856
C 0.382447243 -3.472405672 -1.312282920
C -0.427609473 1.197460175 -0.038862228
