16

C 0.584371328 0.781567872 -0.488494635
C 0.726015866 0.071463011 0.840915918
H 1.627123356 0.224903464 1.410610318
C -0.200919092 1.253635049 0.731360972
C -0.462622613 -1.938312531 -0.080823861
H -0.253939003 0.548229337 -2.503496170
H -1.180001497 -1.724861383 -2.139625072
O 0.226315856 2.381859779 1.431653619
H 0.337367117 -1.791758299 1.764440656
C -0.141550213 0.045840830 -1.540194511
H 1.421209574 1.415639520 -0.810723603
H -0.139107838 3.170243979 1.019195318
H -1.269857883 1.061866760 0.724045873
O -0.837177753 -3.074865818 0.084451437
C -0.642169297 -1.180996656 -1.357591152
N 0.204941720 -1.244454503 0.914274633
