18

H -1.314615250 -0.365347177 1.611764193
H -2.079660892 0.998546004 -3.167236805
C 1.796324730 0.911747873 0.472586215
H 1.273649096 -1.786080122 0.666579783
H 0.599267125 -1.777255416 2.376334906
N -0.839560688 -0.526918292 -0.445572138
H 0.679321647 0.754376173 2.358193159
C -2.004228115 0.177708074 -2.425066471
C -1.013195634 0.502923250 -1.314505577
H 1.792301297 0.428604722 -0.502256691
H 1.554334044 1.963744998 0.323101223
O -0.460450590 1.584052920 -1.325233579
C 0.801159263 0.255301088 1.397237539
C 0.707924247 -1.253747106 1.427070379
H 2.801410913 0.840257049 0.891256213
C -0.467705816 -0.449915677 0.935057759
H -1.189848423 -1.419553280 -0.782277584
O -2.636427164 -0.838444829 -2.497031689
