15

N 0.906346977 -1.933996677 -1.299119830
O -0.470463842 -1.855060697 -1.260530949
N 2.340201616 0.686458707 0.767655253
N 0.130727589 0.392551035 0.463163406
C 1.684927702 -1.134727240 -0.689216375
H 2.734939337 -1.347692966 -0.842248261
C -2.218209267 0.944735646 0.408950925
H 3.273037910 0.380024225 0.487504154
C -1.089869380 0.042649366 -0.070822015
H -2.010451317 2.001406908 0.174483746
H -2.324359417 0.874673009 1.499330282
C 1.435230970 0.005210623 0.223487645
N -1.370233297 -0.892668784 -0.876844704
H -3.137710094 0.641783893 -0.069678858
H 0.115883820 1.194652915 1.083885670
