21

H -0.340230852 -2.305720329 -1.887743711
H -1.100441456 1.246060014 1.680534363
H -1.151614547 -0.862061560 0.736258447
C 1.475527883 1.271715045 0.739437819
H 0.427543640 2.285777330 -0.768216193
H -1.814108491 2.082265377 0.271342546
H -1.912728071 0.024220278 -1.589308381
H 3.372972012 0.935569823 1.930939794
C -0.911502779 1.960055351 0.879095495
C 0.593237638 -2.082282782 0.127261296
O -1.155320525 0.594275475 -1.776212454
H 0.592969656 -2.607741117 1.087097406
C 0.241256177 1.495422482 -0.032468125
H 1.576087236 -1.928432345 -0.285993189
C -0.450495631 -1.013655424 -0.087393962
C -0.556884110 -2.326411009 -0.817205608
H -1.344548345 -3.011136770 -0.525962591
C -0.115749300 0.231564105 -0.878328204
H 0.754598737 0.006819904 -1.510159850
H -0.660028279 2.918351650 1.343432426
C 2.479459524 1.085344791 1.363592505
