18

C 0.220827863 0.239112258 1.201609492
C 0.639975131 0.715703785 -1.355773211
N -0.957075298 -0.739965379 3.179934740
H 1.164481997 1.635780692 -1.044631839
O -0.187040925 0.979815841 -2.469355583
H -0.543847263 -0.110810950 3.853032351
C -0.159467667 0.227614090 -0.182416588
H 2.226884365 0.079993807 -2.680508614
H 1.122374892 0.652639687 1.633964419
H -1.906322956 -0.986498952 3.411908627
C -0.782797754 -0.381360352 1.863217354
O -1.767276168 -0.769306123 1.023925185
H -2.040252447 -0.626102686 -1.040228009
H 1.175520897 -1.235966682 -2.121141434
H 2.388022423 -0.535345912 -1.025887370
H -0.910335958 1.551772118 -2.183412313
C -1.360460043 -0.382427692 -0.237355664
C 1.676789045 -0.314647555 -1.826881289
