15

C -0.582272470 -0.081567444 -1.975264430
H 1.227289438 -0.828682303 1.507061362
H 0.325634181 -0.555886447 -2.363460302
O 0.651273727 0.467973083 -0.031597361
H -0.595415592 0.967858911 -2.267563820
H 0.233636767 0.556320071 2.019297361
C -1.729234576 0.550217807 0.141915634
H -1.464334726 -0.577559888 -2.369266987
N -2.624096155 1.124109864 0.604993522
N 3.177048683 1.585919857 1.924400568
C -0.565634012 -0.162078306 -0.437912196
N -0.682214379 -2.693970680 0.303026140
C -0.625160933 -1.587887287 -0.020323543
C 2.233343363 1.001305699 1.634515882
C 1.020136714 0.233926758 1.330178261
