19

H -1.160817504 -2.406618357 1.919797301
H 2.099334955 -0.891274273 0.630427897
C -0.021210060 1.397934675 0.520685196
H -0.897645116 1.661548972 1.114572525
C 0.093419217 -0.048770197 -0.030251985
C -0.661961019 -1.187040567 0.547058403
H -1.808763981 -0.163169503 -2.794325113
H 0.080159374 2.134628534 -0.286324441
H 2.046170473 2.012183189 1.268691301
H 2.178248167 0.372733533 -0.629879296
C 1.333716631 1.179992676 1.245179296
H -2.187173128 -2.112472773 -0.873941660
C 1.625802279 0.024464795 0.246297255
H -0.607780993 0.990153670 -2.538240433
O -0.437831581 -1.796224356 1.728790879
H 1.191429138 0.818971455 2.268322706
N -0.856027484 0.008959834 -2.501236677
N -0.641658247 -0.502123654 -1.254652858
C -1.367411017 -1.493877769 -0.580970526
