17

H -0.335802794 2.496005535 -0.325682789
C -0.681043148 0.435624450 -1.251036882
C 1.150976896 -0.423074037 0.153572604
H -0.594960093 -2.373054743 1.850696325
H 1.961016536 1.574039936 0.579832911
C -0.152037159 -0.773385167 -0.500723839
H 1.923287272 -1.172339320 0.347793698
C -0.985872746 -1.624726534 1.153979540
O -0.757904887 -2.023471117 -0.236455113
H 1.905443072 1.193110824 -1.154062867
H -2.032659292 -1.436781526 1.356917381
O -0.553805470 0.979422450 1.074997783
C -0.152547985 -0.360477328 0.945290804
C -0.078068070 1.451493144 -0.236888662
C 1.414430618 1.032877803 -0.190402657
H -0.264707476 0.550047636 -2.265342474
H -1.765745163 0.474687666 -1.302485824
