18

H -1.057696223 -2.492403269 0.990212262
C 0.717193246 0.453497618 -0.393402696
H -1.753823042 0.521469116 1.828710794
H -1.650588274 -3.052289009 -0.585961998
C 1.658949137 -0.234399676 -1.272081971
C -0.959451377 -2.379070282 -0.093326859
H 0.064812124 2.256326199 -1.003859520
C -0.993050754 0.748507380 1.089923024
C -0.593597293 -0.070180215 0.106790930
H 0.508133650 2.118242025 1.873028517
N 0.610733926 1.875878572 -0.230959207
H 1.433570385 -1.235086441 -1.618364453
H 2.289366722 0.351023257 -1.933947086
C -0.181045040 2.022082567 1.017960429
H 0.066757254 -2.647301912 -0.376343548
O -1.295770288 -1.058369040 -0.505476058
H -0.805288851 2.926153898 0.989048898
O 1.940794587 -0.104081094 0.118048161
