15

C 0.361561716 -0.678665817 0.121281795
H 0.365996152 0.564058304 2.778296709
H 1.136580348 -1.369125247 0.411918730
N -0.400339752 -0.875493765 -1.017973304
H -2.061933517 0.210567042 -1.853566766
C -1.319664598 0.167565629 -1.068774939
O 1.781373382 1.551221609 1.765640259
C -0.268490881 -1.870808005 -1.972158670
N -1.140087366 0.997786224 -0.089253113
C -0.099123612 0.486058652 0.680580616
H 0.528784037 -2.586051702 -1.705706120
O -0.951995432 -1.951030970 -2.967911005
H -0.220212385 2.084511995 2.075733423
C 0.416299969 1.203716516 1.889665246
H 1.871251941 2.065689564 0.952226758
