19

H -1.871733665 -0.111758254 1.215209842
O -0.967962027 -0.512006819 -2.454112291
C -0.130982727 0.950434625 1.328619123
C -0.383937627 0.721354544 -2.042705774
H -1.250095844 -1.770073295 -0.246677965
H -0.001760008 0.184577137 3.346166134
C -0.241166636 1.124846578 2.835146189
H 0.253022790 1.204840422 -2.775970697
H 3.235576868 -2.104763985 -2.417217731
C -0.469144881 -1.038165808 -0.057573956
N -0.972810209 0.021848619 0.789730310
C 2.312253237 -1.656078935 -2.137957335
H 0.356163174 -1.560349703 0.429739803
C 0.044195186 -0.542251587 -1.420463085
H 0.447534174 1.887493134 3.156979322
C 1.276478529 -1.152055979 -1.834937453
O 0.648289621 1.582658529 0.652296126
H -1.253779054 1.399869442 3.116052866
H -1.030140638 1.369581103 -1.482322931
