18

O -0.298408270 -1.039072514 -3.334320068
H 2.076196909 0.282789111 3.903930664
N -0.457793385 1.063459635 2.173655987
O -0.610090375 0.077175640 0.166202918
O -1.401847482 2.202869654 0.430377662
H -1.178575158 1.015432596 -1.589448094
H 0.566508472 0.659070492 -1.440696359
C -0.862230957 1.213309765 0.864391685
C -0.443443805 0.281904459 -1.248067975
N 1.092530131 0.535822153 3.801558018
H -1.019760370 1.533405423 2.866157293
H 1.361238599 0.242557138 1.727953076
H 1.544127822 -1.395288587 -2.300889254
C -0.611714065 -1.040023685 -1.937796354
H 0.468813300 -2.863323689 -2.541887522
H -1.527907848 -1.570188761 -1.676327825
C 0.770314693 0.583106995 2.576440096
C 0.532042146 -1.783005595 -2.441233158
