16

C 1.432220697 -0.431173593 1.994849205
H -1.965189338 0.598335326 -0.217976764
O -1.927493572 0.185239017 -2.812320232
N 0.749006808 -1.520567298 1.803481698
C 1.011703610 0.631252289 1.143664718
O -0.161427587 -1.205014467 0.774828672
C -0.949986815 0.594089448 -0.610882819
C -0.932288349 -0.232818007 -1.907548189
O 2.401918888 -0.342893630 2.921817541
H 2.420911312 -1.180051804 3.396869898
H -1.699451685 1.044549465 -3.152827501
H -1.159934759 -1.281953573 -1.684133410
H 1.397840261 1.632532358 1.097759724
C -0.004803798 0.081770882 0.426880598
H 0.070006058 -0.211179286 -2.348928452
H -0.683031917 1.637882829 -0.825533748
