19

H -0.836246252 -3.266212225 0.450966358
H -1.772700548 1.172594428 0.381587029
H 0.399482727 -0.409329921 -2.201683521
C 0.052893501 -0.044671521 -0.068100296
C -0.969068646 0.637260437 0.902491450
H -1.042842031 -0.954439282 2.476082563
N -0.283397138 -2.558109522 -0.053998671
C 0.088671774 0.418018669 -1.546945095
C 1.301189899 1.326399565 -1.196275711
H -0.806122661 0.887659907 -1.955402732
C -1.388273835 -0.750232756 1.458294272
C -0.485973775 -1.392766953 0.383592695
H 0.991108954 2.335525513 -0.904927254
H -2.453547478 -1.005027175 1.390959620
H 2.106568336 1.413664699 -1.933174491
H 2.217856407 -0.416191489 -0.215225399
H 1.861925244 0.864714503 0.968494177
C 1.540587306 0.416954041 0.030976433
H -0.522111654 1.324189067 1.632288814
