17

H 0.551954269 1.966816545 -1.809361696
H -0.672740936 2.746668816 -0.775178134
H -0.256996542 0.998504817 1.001088142
H 1.025020242 2.743410110 -0.290964037
H -1.294821501 -1.480238318 3.779787779
C 1.042072177 -0.358663827 -0.218966246
H -1.734722495 -0.368033618 -1.144446492
C 0.248506069 2.143426418 -0.779182553
H 2.118415117 -0.388035536 -0.004414562
C -0.073130704 -1.338715911 0.288423896
H 0.062518820 -2.351376772 -0.118526645
C -0.705367267 -0.341555834 -0.748460650
C 0.041696072 0.825117648 -0.037739091
C -0.525891662 -1.387892842 1.658536434
C -0.931137562 -1.446600914 2.785115242
N 0.504897356 -0.491078496 -1.636854529
H 0.599728227 -1.471752524 -1.948856831
