19

H 1.391578674 2.243587732 -0.179767579
O -0.682604671 -0.405173302 -2.493230581
H -0.796320260 1.328470826 1.740519643
H 1.777699351 -1.354502559 0.839800179
H 1.244016647 1.739608645 -1.881328225
H -2.063061714 -1.345607042 -1.369838953
C 1.023510933 1.456184626 -0.856216073
O -0.383817077 1.421908021 -0.705154836
H 1.569423318 -0.472932637 -1.316766262
H -2.097145557 0.032203376 1.800997257
C -1.263135076 -0.575020492 -1.448529601
C 1.283036590 -0.386948287 0.731428981
H -1.434368253 -2.148659229 0.941458344
O -0.523014963 -1.966354132 1.198477387
C -0.944354713 0.204968020 -0.189534545
H 1.622309327 0.266254455 1.539901853
C -1.184551001 0.397824377 1.338557959
N 1.679286242 0.192893103 -0.554890811
C -0.218487799 -0.628705382 0.864115536
