17

C 1.347177625 1.407329559 -0.994458616
C -0.948070705 -1.456023932 -0.881781399
C 0.436313748 0.443949580 -0.296905965
H 1.377098083 -1.239454627 0.553701878
O -1.369458914 -2.274717331 -1.639604449
H -0.626380265 -0.626559317 2.360723019
H 2.163028479 0.861094594 -1.490682602
H -1.678566098 1.145196199 0.249951571
N -1.221649647 -1.416195750 0.487138569
H 1.772186279 2.112921000 -0.276963979
H 0.801642895 1.963706017 -1.757515907
C -0.459183306 -0.460985214 1.294954181
H -1.387761354 -2.326386213 0.893192947
C -0.692974925 0.929742575 0.659417450
O -0.130074874 -0.433660209 -1.301630259
N 0.951869011 -0.359828770 0.835855424
H -0.335195929 1.729871750 1.304608703
