17

H 0.249122486 -2.083395720 0.576510012
C 0.018930908 -0.068724088 -0.251772374
H -1.471532941 -1.684074283 0.256338984
H 2.081529140 0.160986483 -1.072374105
H 0.917482853 -0.628556967 -2.176874399
C -0.425042450 -0.347152323 1.749737978
C 0.339702755 1.473475695 -1.765032411
C -0.896277308 0.873976290 -1.065201163
O -2.072681904 0.888138294 -1.263037920
C 1.043945193 0.121725969 -1.384792089
C -0.497327447 -1.279888749 0.510227740
C 0.128277212 -0.863834918 2.980332613
H -1.382087588 0.164917260 1.963104129
H 0.203892708 1.735607147 -2.813240290
N 0.531748474 -1.310283303 3.965616703
H 0.772168577 2.324279547 -1.226624966
O 0.458149493 0.522803843 1.017081499
