16

C -1.418370247 -2.584132195 -0.055337839
H -1.062241912 -3.367262125 -0.749579847
H -1.094337821 1.299655795 -1.291788101
H -2.321237326 -2.133898735 -0.466254413
C 0.763812721 0.401080519 0.334679812
H 1.488721371 -0.168812081 0.932371795
N -0.340721101 -1.660843611 0.195008785
H 1.532864451 3.142423391 1.391956091
O -2.141464710 -0.357443660 -1.790381193
C 1.926090002 2.394738674 0.708284080
H 2.668044090 1.764851332 1.236383319
C -0.335026026 -0.452734888 -0.216551766
N 0.815412521 1.650770664 0.145876259
C -1.271351576 0.216311455 -1.181758761
H 2.444356203 2.945399046 -0.082374737
H -1.654550314 -3.090103865 0.889466643
