19

C 0.340239018 -0.816005826 0.500233948
H 0.480030388 -1.637644291 1.195959568
H 2.578942299 1.440563321 -1.015831828
H -2.203939676 1.643562078 0.113300137
H 2.544316530 -0.721059918 0.372628093
C 1.645698309 -0.223450914 0.000195384
C -1.748982668 0.692304552 -0.179949746
C -0.879394472 -0.011499883 0.820798576
C 1.838200331 1.256290793 -0.240546361
C 0.790666699 -1.073266625 -0.920344949
H 0.909161985 1.728529453 -0.550591826
H -1.509091377 0.638808966 -1.232892394
H -2.286207914 -1.458330631 -0.138096750
C -2.239138365 -0.568245590 0.489432722
H -0.820979416 0.468138427 1.797620893
H 1.122458696 -2.066493988 -1.186941981
H -3.028054714 -0.496809453 1.230332851
H 0.282965302 -0.559733689 -1.722771049
H 2.183108091 1.764343143 0.667464495
