19

H 2.132424593 0.303701580 -1.667915225
H -1.652536154 -0.432123482 -2.750149012
H 1.895908713 -0.158796221 0.995619714
O -0.726268411 -2.192721605 -0.733092546
C 0.322847515 0.275228769 3.194388390
H 1.374760866 1.601621389 -0.739875197
C 0.855742931 -0.437990129 0.860173583
H -2.698332071 -0.630666912 -1.349570274
H -1.665632367 0.829960763 -1.520851254
N 0.463951945 -0.276715159 -0.525040984
C -1.726994634 -0.238809019 -1.669247389
C 1.168539882 0.703463674 -1.323866129
H 0.742031813 -1.504323125 1.098596573
C -0.633529246 -1.004776716 -0.946593642
H -1.079683781 0.148093745 1.655794740
H 0.580354095 0.977754235 -2.200253725
H 0.058136221 1.481907606 1.513493180
C -0.033119339 0.420576334 1.798949003
N 0.621397376 0.134614184 4.309439659
