17

C 0.900873542 0.387694985 1.174580336
H 1.570990443 1.942914486 -0.245627269
H -0.009297393 0.836927116 -1.946009755
C -1.209849000 -1.376711011 -1.320688844
H 1.789263487 -0.101473510 1.566913009
H -0.173198223 -1.605486512 1.320088744
C -0.262130618 -0.573785245 0.971227705
H -1.831862926 1.019889832 1.011056662
C 1.208619833 0.918341458 -0.263311207
C -1.640713215 -0.020411685 0.800426066
O 2.197017670 0.091586351 -0.871628463
H -2.476181269 -0.688988268 1.002710223
H 0.626780212 1.205114722 1.841624737
N -0.086307295 0.812287450 -0.946258783
C -0.822141647 -0.316831917 -0.420456499
N -1.518095374 -2.197049856 -2.074385881
H 1.736232162 -0.334017962 -1.600260377
