19

O 0.867255449 -1.412251472 1.683218360
H 0.588430047 -0.626120269 2.188109636
H 2.245766640 0.188905269 -0.753780782
H -0.653343618 2.033567905 1.248083949
H 0.291733861 -0.467641026 -2.217065096
H 1.344520807 -1.914508104 -0.194189832
H -1.334546328 0.274423927 -1.966414809
C -1.385088801 -0.048957869 0.689825654
C -0.641861856 -0.971777797 -0.277897656
H 0.550889134 1.995878816 -1.166710258
O -2.142995596 1.010351896 0.089356005
C 1.431613684 0.295956314 -0.027162356
C 0.248173088 1.087669015 -0.642315090
C -0.792449176 1.274465442 0.471677363
H -1.735803843 -0.409639865 1.652093410
C 0.805801630 -1.104187965 0.304286659
H -1.124564052 -1.931678534 -0.469345599
H 1.849015951 0.766473413 0.864747107
C -0.412547410 -0.040928729 -1.476516485
