27

C 0.036636189 -0.307877451 0.285529554
H -1.159832716 2.572000742 -1.185646296
O -0.392756701 2.535097122 -3.132791519
C 0.902495325 -1.313145041 2.507725000
C 2.225521088 -1.876294971 2.064487457
H 2.540850163 -0.197636768 3.524216890
H -1.979386687 0.449511319 -0.013684484
H 0.805660367 -0.829865754 -0.292660028
H -2.598846436 -0.276361048 -2.961045742
H 0.583271205 -1.692989230 3.481561184
C -0.473798394 1.985179543 -1.816720724
N -2.312047720 0.624528170 -2.609910488
H -0.168238163 3.473827600 -3.050065041
H 2.364517689 -2.044242382 0.997049809
H 0.516923547 1.975593925 -1.345126271
H 0.454328030 0.673055112 0.541656613
H -2.278921843 1.329435229 -3.334029198
H -0.288096905 -0.029268995 -2.503014803
H -1.661244154 -1.113319159 -0.765298724
C 2.144218445 -0.450413495 2.545439720
H 2.723522902 -2.605698109 2.686050177
C -1.020479441 0.559079289 -1.927917838
C -0.262439549 -1.077226162 1.591431260
H -0.726213694 -2.046638727 1.335617781
C -1.218011498 -0.121826433 -0.574131608
H 2.285104036 0.324990809 1.805263877
H -1.042734504 -0.519495606 2.146013737
