16

N 0.661187232 -0.872488081 -1.237494826
O -1.546259284 -1.439879060 -0.737877071
H -1.443059802 -1.990760088 -1.510469437
H 2.691734076 1.468501806 0.082163565
C 1.875859141 -0.149050564 -1.105563402
H 0.681234837 -1.543745518 -1.992094517
H -1.933523297 -0.500086546 1.969787002
C 1.801112175 0.854589820 -0.063591294
C 0.666850507 1.016905904 0.677540004
O 2.821763992 -0.411855638 -1.831472397
H -1.597593307 1.230724812 2.092647314
C -0.501736343 0.240392417 0.513431251
C -1.733046532 0.401899844 1.391567707
H -2.623629332 0.606812060 0.790789187
C -0.465520352 -0.690289438 -0.491595387
H 0.644625902 1.778328180 1.452233195
