19

C 1.975875735 -1.618930459 2.363878489
C 0.756901205 0.236598775 -0.742428541
C -0.018656408 -0.037773140 1.646844506
H 1.600350142 -0.432597458 -0.645099044
H 0.707640529 0.362373054 -2.960711002
H -1.901450515 1.345034361 -1.789049029
C 0.312298089 0.872073531 -2.077478409
C 0.197387055 0.939495385 0.440131694
C -1.180861473 0.522351563 -1.752045751
C 1.080705166 -0.876770973 2.034991503
H -2.128933907 -0.588072062 1.201491237
H 0.519845128 1.940747023 -2.170915604
H 0.182483897 2.017607212 0.560233235
H 2.759301662 -2.263507128 2.632742643
C -0.725802183 0.063481852 -0.383112490
H -0.992195308 -1.874406099 0.694937825
H -0.435076624 0.481497437 2.509649038
C -1.135478854 -0.793891549 0.805310011
H -1.574333906 -0.295311719 -2.369369984
