20

H -2.262029409 1.403938890 0.233312249
C -1.388336182 0.744251907 0.325709790
C 1.131089807 0.724257171 0.530873179
C -0.113702603 1.592159152 0.447831780
H -1.521652579 0.181076646 1.253188729
H 0.364263535 -2.401197433 1.282965064
H 2.025155544 1.293687820 0.703757107
C -1.352667093 -0.227382988 -0.872486234
O 0.113258936 -1.476505160 1.471724629
H -0.169756085 2.235620022 1.333204508
C 1.183984756 -0.695506990 1.031026483
H -2.004933119 -1.079655051 -0.638069510
H -0.021750908 2.266067266 -0.411278456
H -1.823949218 0.258074433 -1.731920004
H 0.249902606 -0.318854094 -2.322902203
C 1.244791865 -0.420258790 -0.453793079
H 2.202361107 -0.598071039 -0.938107193
H 2.100777626 -0.910733879 1.585924864
C 0.041031267 -0.743447363 -1.338395834
H 0.002160120 -1.827520370 -1.492566347
