19

C 1.107967973 0.595852971 1.536497116
H -0.103840008 2.247654200 2.295811892
C -0.541760445 -1.007410169 -1.295794129
C 0.590544105 -0.623062015 -0.608602643
H 2.127896070 0.455845386 1.180274844
C 0.879353046 2.076999903 1.865694523
H 1.009894490 0.005644716 2.461477995
H 0.962711334 2.687517166 0.962860107
C -1.143214345 0.140636548 0.558741212
H 1.629737973 -0.802859843 -0.813969970
H 0.424547195 -2.039406538 -2.914698124
H -1.649022579 0.622752905 1.375488162
H 1.615324497 2.425572872 2.589286327
H -1.136135936 -2.728341818 -2.444414377
H -2.684745550 -0.606764436 -0.791019678
H -1.082947731 -1.239860892 -3.369192123
N 0.221087560 0.085319862 0.522236824
C -0.580286026 -1.789051175 -2.566198587
C -1.647111773 -0.507038534 -0.544480026
