17

N 0.228749916 1.902333856 2.016363621
H 1.209419012 2.004067421 1.744429231
H 2.073208332 -2.024948359 -2.120726109
C 0.160831109 -1.471979499 -1.334368110
C 1.549210548 -1.125552177 -1.799259067
H 1.487431526 -0.422561228 -2.641371250
O -1.848693490 -0.943402112 -0.102402180
C -0.678012729 -0.373667747 -0.651533008
N -0.181422338 2.593132019 3.037707329
C -0.453060508 0.960363448 1.250817895
H -1.167273521 2.508625031 3.115513563
H 2.099578381 -0.618910491 -1.011809468
N 0.136233434 0.324683368 0.308089077
H -1.497603178 0.811720312 1.533237815
H -0.957017303 0.317890733 -1.467213154
O -0.343692511 -2.564031363 -1.493704915
H -1.817886591 -1.877763629 -0.383771181
