15

H -1.885568142 -1.048869133 -1.400193810
C 0.637854278 1.080138803 1.154731631
C -0.917080283 -1.228524566 -0.924206614
C 0.721698940 0.251715094 -0.848933578
C -0.725221276 -0.443726867 0.366485983
H -1.022814870 1.805119276 -0.381116688
H 1.566014290 0.762758672 -1.323739052
H 0.204948813 1.156866074 2.157391310
C 0.818686187 -0.348441601 0.589265883
C -0.347689927 1.018468618 -0.035189711
H 1.485212326 -1.144562006 0.935521483
O 0.143022195 -0.683453918 -1.738091826
H 1.486421108 1.757535100 1.046485662
H -1.389973402 -0.626708865 1.207248807
H -0.775510252 -2.308315039 -0.805660009
