15

N 1.486750484 0.000250501 0.230765983
H -2.649770498 0.380197883 -0.969756007
C 0.218094498 0.208786160 0.153563261
H 1.509149671 -2.082157135 -0.186076224
H -2.712067366 -0.672378004 0.484923422
C 2.021168947 -1.144427419 -0.460575879
C -2.086665630 0.021391636 -0.094802611
N -0.794981122 -0.567698300 -0.449107289
H 0.887297750 2.145082474 1.684586167
H -0.673861444 -0.825285673 -1.428802848
C -0.460550606 1.286490679 0.761218667
O 0.020058475 2.372559786 1.316706777
H 3.087680578 -1.246421456 -0.229291245
H 1.934460640 -1.033504128 -1.553343773
O -1.786764503 1.157112718 0.739991844
