18

C 0.366815478 -1.166796446 0.331554025
H -2.294447899 -0.840316296 -0.852284014
H -1.784308553 1.929923296 -0.968121231
H 2.310559511 -1.170895934 -0.658482015
N 1.700654984 0.745835721 0.013255788
O -2.385937214 1.177660823 -1.033064365
O 0.093219720 2.383303642 -0.129259810
H -1.410076022 -1.120501518 1.658260107
C -0.508304179 0.021525104 -0.026398350
C -1.613651156 -0.001659628 -1.051606536
H 0.133022323 -2.167634249 -0.014831941
H -1.172167420 -0.168676227 -2.053645849
C 1.829332232 -0.705622256 0.199652880
C -0.522399127 -0.562678933 1.376143694
C 0.421810150 1.215635180 -0.054778799
H 2.484887362 1.369826436 -0.007250364
H -0.075706638 0.004725615 2.180635452
H 2.426696539 -0.943654001 1.090221524
