21

C -0.830980837 0.333109945 0.483199805
H -1.748853803 1.485517144 1.886906505
H -1.022706747 -0.233658597 -1.586236477
C -1.833057642 -0.765442133 0.776791751
H -2.051402569 -0.832639515 1.846874475
H -1.080886483 1.476661205 -1.276156068
H 2.452097654 -0.681147993 0.090077087
C 0.895098507 0.664077342 -1.512300253
O 1.558814764 -0.545294642 -1.793097496
H 1.111869693 1.075442672 1.303748727
H -1.459390640 -1.734106779 0.447670162
C 1.946475387 -1.284199834 -0.660277426
N -0.981392086 1.607276678 1.239080191
H 0.109281830 0.130507559 2.468562126
H 2.644880056 -2.050107718 -1.013344884
H -2.776494026 -0.591801822 0.252043337
H 0.889157832 1.199321151 -2.475712299
H 1.512443185 1.267672896 -0.827084243
C -0.554328442 0.562911153 -1.009659648
C 0.131410182 0.698800147 1.547865272
H 1.087965012 -1.782899141 -0.188950837
