18

H 1.686871886 -2.515078306 2.190564394
C 1.486224890 -1.443489075 2.217864037
C -1.387791991 -0.115207285 -0.776050150
H -3.963298559 1.577165961 -2.701807976
H 1.329794288 0.896478117 1.091546893
O 0.797452569 -1.118176699 1.036989450
O 0.253845364 1.733721018 -1.009786248
H 0.582924902 0.351045907 -2.593830109
C -2.334430218 0.531846523 -1.491591573
H -1.549542546 -1.119563580 -0.424080968
H 2.451768160 -0.902041912 2.302904129
H 0.883430183 -1.219072104 3.110480547
C -3.204012632 1.090171456 -2.139660597
C -0.062118933 0.448147833 -0.477206409
H 1.964705825 0.467070669 -1.376351476
C 0.465480626 0.238717645 0.937605202
C 0.898534536 0.590276241 -1.577469587
H -0.299838096 0.507987320 1.679880261
