19

H -1.615837216 0.861458004 0.348737836
H -2.467855692 -1.710160613 1.238686800
H -0.103970446 -1.479226589 1.493875027
H 1.226514578 -1.833895802 -0.553585112
H 1.567611337 1.206372857 -2.239707947
N -1.860052109 -1.865089178 0.447032064
C 1.409512758 1.065303326 -0.036382910
H 0.159404337 2.320264339 1.327729940
H 0.821463704 0.870053947 2.104126215
C -0.615925610 -1.152513027 0.583451152
H -2.345720291 -1.583342314 -0.397383064
C -0.609892130 0.415404707 0.438819647
C 0.279761612 -1.313438892 -0.707188487
C 0.343264580 0.198632643 -0.743942201
H -0.265875459 -1.785554886 -1.523298383
H 2.463578463 0.828179896 0.065638036
C 0.888688922 1.401907206 -1.422897100
C 0.462329805 1.275086880 1.147085428
H 0.262998819 2.280558348 -1.570797205
