16

N -1.043464661 3.167849779 0.075055607
H -0.882204473 -1.839513898 1.557011843
H 1.752496839 -1.393342257 0.137130231
H 1.154245734 1.737294793 -1.175642610
H -1.783749223 0.132957369 0.126257882
N 0.232602805 0.135833934 -2.034629583
H -0.518607318 0.769844413 -2.314565897
C 0.662714124 -1.330422878 0.072316058
H 0.683148682 -1.448091149 2.289142609
C 0.256840140 -0.033759389 -0.613058507
C 0.009949826 -1.198941469 1.473533511
C -0.938198209 2.032054901 0.242561802
O -0.355575740 0.173666656 1.617250323
C -0.791849673 0.570273161 0.333386779
N 1.254530072 0.734663308 -1.309727311
H 0.307121277 -2.210367203 -0.476022810
