18

H 0.177483380 -1.858258605 1.112659574
H 0.724042535 -1.799722552 -0.581601560
C -1.353031397 0.530604839 -0.237540081
C -0.476847857 1.069758892 -1.382513046
O 0.835680485 0.721959651 -0.916554809
C 1.866512775 0.387990952 1.233396173
H -0.690693200 0.590153039 -2.345620394
H -1.572725534 -1.420841575 -1.253605366
H -2.323699713 1.004028797 -0.119779386
H 2.732908964 -0.106843099 0.795990705
O -0.514307737 0.828350842 0.892851233
C 0.130343765 -1.297528982 0.176726356
C -1.334539890 -1.012632012 -0.264893949
H 2.069235802 1.464745879 1.306727886
H -0.548540294 2.157324314 -1.483248830
C 0.640806377 0.158302650 0.377278030
H 1.695528746 -0.007353510 2.238061905
H -2.058158398 -1.410040140 0.451665342
