17

H -0.001931497 -0.388436735 2.327677250
N 0.188369602 0.493549556 0.401422679
H -0.297804952 -2.402416945 1.079101086
H 0.895620048 1.713752508 1.889067292
H -1.983642697 -1.885195494 0.863908648
H -0.874122202 -1.861404777 -1.443267703
N 1.717265487 2.339287043 0.115654565
O 1.091793656 1.267894626 -2.453835487
H -1.508284569 0.283017665 1.692595363
H -0.027888166 -0.337001562 -2.935807943
C -0.614773571 -0.265140414 1.432954788
C -0.939871311 -1.590608120 0.731717646
C 0.974775851 1.561945558 0.802725077
N -0.653440714 -1.267028332 -0.655734539
C -0.001871840 -0.092626289 -0.835488617
C 0.377221286 0.323903829 -2.141294718
H 1.658585906 2.106507778 -0.871396124
