15

O -1.711912036 0.931356430 0.138789728
C 1.723575354 -1.258006930 1.339702964
C -0.886793911 1.364135623 -2.053932428
H -0.821172595 0.571753085 -2.806320190
H -1.426217794 -0.904718876 1.547388554
C 0.392732650 -0.110157460 -0.389580786
H -1.787673593 1.957546592 -2.171605587
O 1.941225290 -1.556511283 2.494407654
H 0.008533145 1.987443447 -2.194081545
H -0.223260731 -0.768730998 2.769395351
N -0.506596863 -0.611004174 1.827346444
C -0.850353539 0.753034770 -0.686555684
O 1.226762056 -0.293053478 -1.258882165
H 2.441054344 -1.413176417 0.523066759
C 0.480098486 -0.649910748 0.920860231
