19

H 1.205143452 1.639062285 0.910942554
C 1.188901067 -1.420705914 0.124536693
H -1.241109729 1.816799760 -1.738895059
C -0.588267088 0.321145475 0.465705007
H -1.184198141 0.876219034 1.198709369
H -2.647859097 1.622549891 -0.671795487
H -0.882321477 -0.628974736 -1.306464434
H 2.019659996 -1.946245193 0.593600452
C 0.304673493 -0.890345633 2.536124706
C 0.383647025 -0.598839700 1.154608130
N -1.385280609 -0.047357772 -0.659507751
C 0.859018564 0.719417870 0.442795426
H -2.598876476 0.747100890 -2.193920851
H 1.358084202 0.021061528 -1.632634521
H 2.723448992 0.051472943 -0.500444591
N 0.221800610 -1.137561798 3.669979811
H 0.597859502 -2.139723063 -0.455624580
C -1.982114077 1.096705675 -1.362780571
C 1.647789478 -0.101782084 -0.574934542
