21

C -0.234255224 0.969743848 0.397252709
C 0.666444898 -0.931510508 -1.158570766
C 2.096760750 0.696952045 -0.037769061
N 1.018400550 1.611279845 -0.086708069
H 0.567764640 -0.109070130 2.115845680
H 2.996210337 1.079034805 0.452008456
H 0.146165937 1.588539124 2.422746420
H 0.615906894 -0.621026456 -2.212152958
O -1.653763890 -0.120127201 -1.325742006
H 0.873383462 1.921882749 -1.051676512
H 0.545761943 -2.020679474 -1.136010408
H -1.119080305 0.344684243 2.269906044
C -0.541768491 -0.315520912 -0.437196910
H -3.215243578 -0.523280680 0.059227802
C 1.995443344 -0.521405458 -0.556532085
C -0.153611422 0.686873674 1.893824339
H 2.840141296 -1.197206259 -0.615677178
O -1.257160544 -1.300031066 0.331997424
C -2.395813465 -1.016217947 -0.487603456
H -1.041868687 1.674313903 0.207413733
H -2.749818563 -1.897228479 -1.044582963
