16

C 1.201511860 -0.177072868 -1.267567277
C -0.174775153 -0.720302582 -0.880905390
C -0.676104724 0.659736276 -0.611126959
C -0.485605717 -0.281551957 0.570755720
C 0.741063237 0.475712270 1.039007545
H 1.285278082 2.008694410 -0.577721477
C -1.681524277 -0.893101096 1.332458615
H -0.732613385 -1.551360250 -1.285677195
H -1.545690656 1.199512005 -0.950916111
H 1.223812580 0.065845743 -2.333863497
O -2.446263552 -1.598167539 0.659882069
H 1.601408005 -0.110652477 1.395977020
H 2.095442533 -0.748951674 -0.999852002
C 0.838748038 1.046954513 -0.398432076
O -1.709702134 -0.606181681 2.530957699
H 0.465015531 1.230886698 1.777023435
