18

C 1.500018597 -0.377361894 -0.894109547
H -0.084286578 0.832099378 2.626370430
H 1.320732594 1.631226540 -1.623258948
H -0.477145493 1.432149529 0.251837194
C 0.799784422 -0.849868476 1.510294318
C 1.158749342 0.614839554 -1.987324834
H 0.109232068 0.555449426 -2.294608831
H -2.749547482 0.474090755 0.188355923
C -0.616878271 0.378379583 0.492087007
H -1.185921311 -0.553971052 2.453123331
H 1.809523225 0.409724116 -2.834623337
H -2.097312927 -1.167169929 0.209639579
O 1.554864645 -1.625355959 1.998386502
C -0.381250829 0.007774059 1.981769443
N 0.615927219 -0.402735680 0.181826830
H -1.851403236 -0.136741519 -1.207506299
C -1.906685829 -0.145259485 -0.117412820
O 2.481599331 -1.077268839 -0.934845984
