15

H 1.941768646 -1.610731721 2.460379124
N -1.392336845 -0.264226854 -0.736335516
N 1.225388050 -2.181876659 2.034915686
H 1.690383315 1.823885679 0.186536223
C 0.089142330 1.460205674 -0.693024576
H -0.297216713 -2.282567263 0.633561015
H 1.180089116 -3.157148838 2.252946377
C 0.457530648 -1.634481311 1.067349315
H -1.015046954 2.616294861 -2.079798937
C -0.197860897 0.197035313 -0.190493852
O 1.133530855 2.282439947 -0.457298636
C -1.804139256 0.691074848 -1.525035143
N 0.624282062 -0.406641155 0.706363499
N -0.925862908 1.767666698 -1.546836495
H -2.709651709 0.699070871 -2.113227844
