15

N 0.628265560 -0.145452991 0.255135685
C -1.771730304 0.464853525 0.592654049
C 1.941910028 -0.487212062 0.802365184
H 1.865714908 -1.389336705 1.414446831
H -0.833755374 0.178082332 -2.588600874
H 2.612511158 -0.651547253 -0.036699422
O -2.744023800 0.695254087 1.300076365
N -0.775246680 0.157310307 -1.575454354
O -0.164963067 0.054164350 2.371672630
H 2.294139385 0.319854647 1.432317257
C -0.400767207 0.112199970 1.191182137
O 1.406075120 -0.369608551 -1.903277159
C -1.825422287 0.474281698 -0.819406688
H -2.739346504 0.719057977 -1.312102437
C 0.506639183 -0.131901398 -1.124308944
