13

C -0.772356927 -1.891652226 -0.409282506
O 2.483151913 0.213142544 2.086338997
H -1.090108037 -0.555473447 -2.038172245
O 1.334292173 -0.099169217 0.207440943
H 0.708740830 1.039959431 -1.407773733
H 0.924458861 1.410144091 1.529066324
H -1.263471365 0.415559858 0.926635325
H -1.650097609 1.416515231 -0.563561618
C -0.751137555 -0.585754573 -0.998473227
C 1.597449422 0.550840795 1.364961743
N -0.797007561 -2.942320347 0.052604791
C -1.053624868 0.624809563 -0.125194654
C 0.329710543 0.403398097 -0.624590278
