19

H -0.137773469 -1.154288888 -1.421632528
C -2.336756468 0.381798923 -0.860219240
C -2.034101963 -0.429094851 0.378713429
H -2.970788002 1.260460854 -0.754964054
C -0.951377630 0.413116187 -0.245564088
C 0.211234152 -0.209588304 -0.979525387
H 3.347834826 0.587963760 0.362862140
H -1.950845003 -1.501401782 0.265325427
C 2.267508745 0.629913688 0.440125287
H 1.862579465 1.637553453 0.350536048
H 0.675092697 0.059162255 1.881617308
H 2.119320869 -1.052843809 1.900454879
C 1.541480422 -0.322030127 1.345275164
C 1.447758913 -0.491037011 -0.140579209
H -2.452911139 -0.144044757 -1.794253349
H 2.036579370 -1.327835083 -0.529301226
H -0.709370315 1.330584764 0.303100407
H -2.462968826 -0.105885588 1.323758602
H 0.497503370 0.437496603 -1.825729609
