19

H -2.467389584 0.322046489 0.127728671
C -0.789329290 -1.053433657 0.569553554
H -0.168121696 2.178336859 -2.220269680
C 0.909048736 0.557984173 -0.139177322
H -1.942533851 2.018587589 -1.719992518
C 0.708871067 -0.716215014 0.741967380
H -1.162112713 -1.719573855 1.351609588
C 2.362009048 -2.694261551 0.121692657
C -1.456964135 0.335832089 0.547701001
H 1.607627273 1.260361195 0.322893381
H 0.866710782 -0.445176244 1.798130393
C -0.489972919 1.185847640 -0.258516818
H 3.030932426 -3.485810757 -0.123926587
O -0.590527058 2.608248949 -0.162893713
H -1.526960850 0.734670281 1.571238160
C -0.888521850 1.994516730 -1.418753624
H -0.935584724 -1.565880060 -0.401714921
H 1.313493133 0.284930885 -1.117414474
C 1.619326949 -1.801011801 0.410144627
