18

N 0.599863648 -1.185069561 1.410876751
C 0.552357256 0.792788386 -0.780600965
C 1.069648623 -1.511272192 0.281785846
H -0.351821542 -1.030325770 -2.310978174
H -2.478056908 1.161828756 0.652542531
H 1.903189898 -0.742411613 -1.590780854
C -1.601630688 0.737652600 0.165410995
C -0.172534794 1.094886422 0.550436735
H -0.083066583 2.140174627 0.850671411
C 0.369929254 0.217448756 1.705469131
H -2.491804123 -0.670173168 -1.198223352
H 1.321429610 0.658794940 2.066769361
H 1.489740491 -2.511496067 0.141890392
C 1.116700768 -0.582011580 -0.855641901
H 0.999401569 1.620947003 -1.322256565
C -0.285022378 -0.317865461 -1.480783820
H -0.334375918 0.257133067 2.550710201
C -1.623948216 -0.131029189 -0.837297559
