25

H -1.764201045 0.347369075 -0.188221082
C -0.069760859 -0.370651722 3.420669556
H 1.020929575 -1.901810646 2.180779219
C -0.725367904 -0.750157893 1.338797808
H 0.296200603 1.850906253 -1.841725111
C -0.739704788 0.246964037 0.186976552
H -1.889135361 0.686531723 2.619940281
H 1.416344166 -0.224231154 1.758698821
H 0.301447332 0.582735419 3.785389185
C 0.180135027 -0.141742304 -0.970206797
H -0.045310430 -1.067100644 4.267500877
H 0.873075306 -0.552567005 -3.635352135
H 2.081394911 0.526387870 -2.939168453
H -0.457546592 1.239705801 0.562567174
C 1.041694403 0.476779968 -3.297693253
H -0.935423374 0.831962883 -2.553985596
H -0.070409827 -1.152694941 -1.315684557
C 0.082890511 0.830319762 -2.158890009
H -2.180934429 -0.998107135 3.035253525
H 1.454790592 1.223969936 -5.057152748
O 0.818115890 1.402184963 -4.357928753
C -1.428614974 -0.300416440 2.672541618
H -1.097310424 -1.711963534 0.988391340
C 0.620460689 -0.877767265 2.125161171
H 1.216240644 -0.196607232 -0.626658976
