15

O 0.669279754 0.735089064 1.165182948
O 1.319194794 0.548241079 -0.980627120
C -0.238552392 -1.843851447 -1.235797644
H -0.058248103 -3.197502613 -3.029395580
H 1.419117332 2.193580389 2.351689816
C 0.649235249 0.175721481 -0.047153909
H 2.570134640 1.599202275 1.106158257
C -2.816302299 0.131725341 0.050332863
H -0.229292527 -1.563562989 0.842779458
H 1.223005176 2.677911043 0.639930964
C -0.138905212 -2.560728550 -2.188405991
C 1.530079246 1.874738216 1.308495164
C -1.734950066 -0.367526680 0.000334262
H -3.778354883 0.567044735 0.089026794
C -0.385440797 -0.970081568 -0.072550513
