16

C 0.114146985 -0.681981564 -0.996523619
C 0.731611073 1.065392494 0.442724913
H 1.268946409 -0.603189588 1.953370810
O -0.602232337 1.311694980 0.976938844
C 0.720089495 -0.373733133 1.042329192
H 0.149738699 -1.252767563 -1.920156360
H -1.418992519 -0.374505877 1.964511991
C -1.245855689 -0.698560953 -0.255607456
H 1.445580125 1.827844381 0.758603215
C 0.651709080 0.758332789 -1.054484606
H 1.649464965 0.768167734 -1.516881585
H -2.012532711 -0.077552907 -0.735535264
H -1.619571328 -1.720301628 -0.156344905
O 0.982972562 -1.284782290 -0.014783936
C -0.818384528 -0.114081651 1.097026944
H 0.003309886 1.450024605 -1.585188508
