24

H -0.796728671 -0.889421344 -0.649068117
C -1.351190209 -0.821203709 1.462783098
O -2.908498764 1.014498115 2.289745569
H -2.195914984 1.240345240 2.892707586
H -0.809700072 -0.668761671 2.398486376
H -3.179244995 -0.008278332 0.594020963
O 3.141892672 -0.036807809 -0.705455661
O 0.913280189 -1.194007874 -2.477552176
H -1.607274294 1.475613713 -0.621421754
H 3.201745272 -0.996398211 -0.744786501
C -2.344880581 0.332166284 1.200264335
C 1.211467266 0.143856943 -2.151061535
C -0.515568793 -0.330724120 0.239637673
H 1.266860366 0.172081858 1.322557926
C 0.988893747 -0.332056850 0.392233074
H 1.926528692 0.564411521 -2.865447521
H 0.270833492 0.696115136 -2.262163162
H 1.337477326 -1.360831857 0.503383756
H 1.609548330 -1.742824435 -2.138455629
H -1.725285888 -1.838987470 1.436242461
C 1.771368265 0.351090431 -0.745282233
H -0.727622151 1.778661370 0.872141302
C -1.275439143 1.025589943 0.303032011
H 1.797452927 1.425873160 -0.546541691
