19

C 1.126469016 0.497044802 0.369691968
H 0.238316625 -2.671101093 -0.860958397
H 1.467410445 -2.328549623 0.373855859
C 0.046066504 1.496054053 0.562278330
N 0.309194893 0.498427838 1.616082907
H 0.868272424 0.870697916 2.382013559
H 2.175489664 0.766334116 0.470985323
C -0.592292905 0.049539626 -1.268011451
O -2.181782961 0.489982933 0.562176645
H -1.653872728 1.917299986 -0.760493696
H -1.337091684 -0.696245015 -1.543682694
H 1.474900961 -0.598569989 -1.436990023
C -1.180583715 1.062730312 -0.246698305
H -1.698790073 -0.010895418 1.243108749
H -0.327031463 0.600234151 -2.187356234
H 0.258929461 2.554652214 0.745547712
C 0.702975571 -0.553514361 -0.656161845
H -0.231383249 -1.976602912 0.711743176
C 0.534802973 -1.967518806 -0.077132218
