15

H -0.295466334 -2.258311749 -0.538303196
C -0.122751758 1.582847595 1.079443932
C -1.267086983 0.923964560 0.536641359
C 1.280432105 -0.864677250 -0.930407047
H 1.672400236 0.081482723 -0.561533689
H -1.201069832 0.044276826 -1.381934285
H 1.093275547 -0.761998951 -1.999921560
C 0.015146787 -1.275580168 -0.187952399
H 2.065922260 -1.609685898 -0.812607110
C 0.701640487 2.317238092 1.592844963
C -1.159511924 -0.314527988 -0.349128485
H 1.416878581 2.957254887 2.053687811
H 0.232293695 -1.405562282 0.875957608
O -2.329719067 1.422015786 0.809577644
H -2.102384090 -0.838735759 -0.186365262
