19

H 1.422756672 1.611817718 0.073795967
C 0.557811260 -0.603158534 -1.730228782
H -0.086386055 -0.343238115 -2.582177401
C 0.689176679 -2.126942873 -1.607758760
H 1.536846995 -0.155510366 -1.923957944
C -0.785094976 2.060465097 0.559176803
H 1.399814963 -2.397871733 -0.813896179
H 1.046190143 -2.554903507 -2.540044069
H -0.540840626 2.959027529 1.100551486
C -0.883393586 -0.375561088 0.443376541
H -1.667223215 2.095361471 -0.068739481
H -0.274535477 -2.581037760 -1.354481339
H -1.043809772 0.532704473 3.228398323
H 0.561050296 0.241920009 3.012121201
N -0.203867599 0.836007953 2.746254921
O -1.725962162 -1.241127610 0.492076606
N 0.018299427 0.009953420 -0.530787945
C -0.441777855 0.806279898 1.353766322
C 0.420945078 1.225814700 0.142554551
