19

C 0.788709342 0.630306184 1.679593444
N 1.255436063 -0.761082590 1.648305774
H 1.443343759 -1.112540483 0.718018353
H -1.374354720 1.293886662 -0.822538555
H -1.981358767 -0.943936765 0.452532023
C -0.619605720 0.717773259 -0.283595294
C -0.641765296 -0.982430637 -2.099318743
N -0.195359111 -0.601560533 -0.773933589
O 1.728521466 1.336809993 -0.480625719
C 0.591524720 1.389432073 0.375146180
C -0.970030129 -0.541623533 0.443759918
H -1.714086056 -1.244052529 -2.124341965
H -0.688532650 -0.798026025 2.670246840
H 1.088467121 1.196742535 2.558235884
H -0.077310242 -1.873266816 -2.428509712
H 0.386666387 2.449549913 0.561690509
C -0.185325682 -0.496732473 1.745111108
H 1.634509325 0.523175299 -1.013594627
H -0.469449520 -0.182423800 -2.826182604
