17

C 1.774762511 -0.719541907 1.680194974
H -2.402067184 0.656288743 0.625216067
H 1.337746739 -0.249878824 -2.098078966
H -0.571238577 0.825433850 -2.803426027
H 1.468638897 -0.867884874 2.720850229
C -0.629687726 -0.012069852 1.551759243
N -1.438544750 0.355819285 0.492982030
H -1.914593816 1.625360727 -1.988402724
C 0.491334558 -0.124832079 -0.420282722
H 2.176589012 -1.648456216 1.280010581
C -1.348684311 0.685731351 -2.044788837
C -0.759014428 0.312053293 -0.726787329
H 2.554769516 0.044465858 1.638121128
H -2.028254271 -0.091442555 -2.425094128
O 1.578552723 -0.405037016 -1.173982263
O -0.886488438 -0.074398212 2.739654779
N 0.596178532 -0.311611712 0.952053130
