17

H 1.537774086 -1.863864064 0.838254333
H 1.371437788 -1.008527637 -1.385455251
H 1.523304582 1.394824862 -0.566179574
C 0.579952836 0.715028346 1.306377530
H -0.159123108 -2.318155766 0.533094704
C 0.678933144 0.812136829 -0.210895866
N -0.661135256 -0.395190060 -1.492287278
H -0.763069510 1.869189382 -1.689821839
C 0.535182357 -1.473675728 0.590001762
H -1.807552695 -0.210614368 0.398856521
H -0.100680023 1.454303741 1.755808234
C 0.599928856 -0.649528146 -0.696699679
C -0.616334260 1.042484045 -1.001375675
H 1.576359391 0.836480677 1.781106830
O 0.069290712 -0.585680187 1.613608599
C -1.712386966 0.139106944 -0.622850001
H -2.651882410 0.241681114 -1.151543021
