19

C -0.541626930 -1.418061256 1.885774851
C -1.164268017 0.837284386 1.004771709
H 1.355948091 2.173927069 -2.070195913
O -0.852966070 -0.049091864 -1.863192439
C -0.060482316 1.169997573 0.040630348
H -1.930376053 -0.085451730 2.690319300
C 0.156256273 -2.052740335 0.836796343
H 1.101098776 0.832899570 -3.205747366
H 0.122121498 -3.132864714 0.866676331
H -0.654783309 -2.042698383 2.767702818
N 0.902181745 -1.479903460 -0.040848460
C -1.231770873 -0.195753321 1.869328618
H 0.876770973 0.829035819 0.479160875
C -0.013349505 0.642142832 -1.387259603
H -1.932582378 1.586894393 1.099071741
H 0.640398204 -1.594919324 -0.995209038
H 2.091714382 0.611748874 -1.746905565
C 1.212308526 1.109356761 -2.154910564
H -0.076593034 2.258196831 -0.075964086
