25

C -1.442472100 0.560329795 0.266771019
H 2.589893579 0.993918538 -0.973648190
H -1.127587080 -2.613510370 -2.576546907
O 0.095938139 1.239552498 2.079899549
C -1.109526157 -2.135349035 -1.584009647
N 0.445064008 -0.883516431 0.874850392
H 0.821582019 -1.182560921 -1.868623018
H -0.809419930 2.646642685 0.943226397
H 0.243188739 1.775879145 -1.192019343
H -0.381821752 -0.601051807 2.820955038
C 0.382475197 -0.158105314 2.168917179
C -0.202907950 -0.904094994 -1.577903748
H -2.135092258 -1.883904338 -1.315473557
H -2.073645830 0.013940856 0.974391818
C 2.056735754 1.361799836 -0.088470988
H -2.062239647 0.947779894 -0.544188797
C -0.148328587 -0.156811669 -0.250705302
H 2.349510670 2.410914898 0.064584039
H -0.551506341 -0.198691413 -2.351067305
H -0.750919044 -2.882938623 -0.870343387
H 1.353497505 -0.241615772 2.677510977
H 2.407295942 0.792098045 0.771038175
C -0.457245082 1.613929272 0.835338473
C 0.552958548 1.250366688 -0.273366511
H -0.045428377 -1.765001178 0.988883555
