21

C -0.054328166 1.288517356 0.920515597
H 1.374779224 -0.666205645 -2.964953661
O 0.225894183 -0.728643298 1.910924196
H -1.216472387 -0.098180309 -1.737172961
C 0.330747277 -0.720877826 -0.546242893
O -0.325974375 -1.807006836 -3.339021683
H 0.836466193 0.124058165 3.694998026
C -0.311215609 -0.145823583 0.720334411
N -0.200334311 -0.081188135 -1.729946733
H -0.921618402 -0.110266186 3.548122883
H -1.402851701 -0.352698028 0.665086389
C -0.164750442 1.598029375 2.371864080
H 0.497790635 1.841504812 0.190268442
H -0.099068969 -2.019981384 -4.243021011
H 0.053628221 0.215544268 -3.759587288
H 0.207353756 -1.807587385 -0.564251006
C 0.269245833 -0.549706519 -2.993812561
H 0.616743803 2.291742086 2.714041471
H 1.415069103 -0.522636592 -0.481014937
C -0.007679008 0.183954328 2.993654013
H -1.123424888 2.067451477 2.629215956
