20

C 0.919843733 1.163458228 0.260952502
C -1.563532472 -0.275545567 0.408618480
H 2.382175446 -1.239126801 1.561294436
H 0.206740677 1.633246660 -1.888386965
H -0.242779255 -0.781989813 2.103387356
H 2.886804104 -1.221413136 -0.152480349
C 2.039307117 -1.357510328 0.519024134
H -1.874740243 1.759102941 -0.322952390
C 0.034078848 0.995938659 -1.009253025
O -2.205968380 0.486974955 -1.853973150
C -0.254315585 -0.214657113 1.176953077
C 0.957099617 -0.369805723 0.192690566
H 1.671962380 -2.382864475 0.403752089
H -1.798356652 -0.323541313 -2.195534945
O 0.111280404 1.182373524 1.435190797
O 0.544328451 -0.364427894 -1.194577813
H -1.685421228 -1.251924992 -0.076114118
H -2.430254936 -0.107264541 1.050453305
C -1.462667108 0.815966189 -0.689541876
H 1.764415264 1.853010774 0.270497859
