14

C 0.762864828 -0.377024025 -0.607582688
C -0.241007119 1.763332605 0.384882510
C -0.235904932 0.281587780 0.099750377
H -1.525998116 -2.605647087 0.279883385
O 0.436341971 -2.194553852 0.981553257
H 0.280543029 1.943917632 1.346821189
H 1.528262854 0.076493993 -1.223798633
H 0.876132548 -2.593882322 -1.070137739
N -1.198244810 -0.486414135 0.584417164
O 0.402651191 2.393147469 -0.704879045
C 0.511177659 -1.808793783 -0.405463099
H -1.281331897 2.092804193 0.515382051
C -0.768951535 -1.816180468 0.343343288
H 0.453463793 3.331211805 -0.524172127
