16

C 0.481715739 -1.483178496 -0.432182699
N 0.267764986 -1.971258044 -1.707077980
N -0.262800366 0.171448365 -1.642533422
C -0.513038158 0.406044722 2.043268919
H -0.492782593 -0.979820848 -3.442160368
H -1.001233697 1.171950817 2.632192612
H 1.388412595 -0.386625320 1.901991606
H -0.594105184 1.064311624 -1.949379206
H 0.883580863 -2.108188152 0.344494164
C 0.156103000 0.805575132 0.772687316
H -0.968578100 -0.581103444 2.081409693
C -0.200406149 -0.958689511 -2.402463913
C 0.146829277 -0.161949173 -0.357700408
N 0.950115502 0.524541378 1.967128992
H -0.436015189 2.335091829 -0.252374262
O 0.194437414 2.151849270 0.442699492
