16

O -0.609673023 1.436571836 -0.342937917
H 0.804004252 -0.965792239 -1.666966796
C -0.656073868 0.565866530 -1.412236571
O -0.991560757 0.915062070 -2.502761364
C 1.960989475 -1.227643847 1.842282772
C -1.669693112 2.322000742 -0.213683233
N 1.061275244 -0.615182996 1.010209918
O 2.031293631 -2.415864944 2.029722929
H -0.849214137 -1.549636245 -1.569254160
O -1.638881207 3.197030067 0.579206288
H 2.628888845 -0.469867468 2.305585146
C -0.143033072 -0.851196468 -1.116262794
N 0.130398884 -1.231611133 0.272344500
H -0.654595792 -1.613463759 0.778112829
H 1.087589860 0.403995574 0.921991348
H -2.491715193 2.099731684 -0.915352762
