17

C -0.238669425 -0.954231620 -1.325093746
H -1.289622545 -1.221078753 -1.186685920
H 1.001031518 -0.468584508 -2.859823465
C 1.020869017 1.935162067 0.419130087
H 1.529163122 2.888044834 0.422380328
H -0.796023428 -0.689405739 2.736253500
C -0.831003129 -0.905832529 1.674075127
C 0.502213657 1.254532337 1.492573619
H -0.305378288 0.430091947 -2.809559822
C 0.153431043 0.146091357 -0.375789434
H -0.394392848 -1.894896388 1.519127250
N 0.782891691 1.245934367 -0.740546346
N -0.075628303 0.109262064 0.969690144
N -0.013398094 -0.537499666 -2.713378191
H 0.334727317 -1.859997034 -1.116820574
H -1.871055365 -0.923533976 1.345803380
H 0.490843683 1.445941329 2.548664093
