21

H 0.936305761 1.983016491 -0.488378882
H -2.721330404 -1.029332042 -0.160455257
C 0.445758969 1.605848551 0.418886662
C -0.849626064 0.952549934 -0.005520661
H -1.539749146 1.689062357 -0.446435809
H 0.878596723 -1.508387804 1.199898601
H 0.688789308 -1.904362917 -1.241331458
H -2.099070549 -0.017809184 -2.204171896
H 1.037183762 0.534819424 2.190845728
H 2.395832062 -1.174152255 0.425037831
H -1.401556849 -1.880243659 0.691411674
C -0.731339931 -0.339847922 -0.861555755
C 1.371726394 0.608716249 1.146038771
C 1.371112108 -0.806710422 0.517253339
C -1.686498284 -0.946884036 0.198066190
O -1.509860516 0.209048852 1.053699493
H 2.380692005 1.022927999 1.181698322
H 1.260789871 -0.289268672 -1.591914415
O -1.182869792 -0.309553385 -2.201835394
C 0.701655746 -0.873569489 -0.864475489
H 0.253458619 2.474131584 1.043238759
