22

C 0.753746748 0.219328120 0.976685882
H 2.994200706 -0.880141497 -0.066076659
H -0.523501337 1.167100787 2.397750616
H 2.280038357 -1.707730770 -1.456762433
C -1.781607866 0.165564448 0.902636409
H -0.549330652 -0.583023608 2.533307076
H -2.433545113 1.801915765 -0.454900056
C -0.037612543 0.569149375 -1.935088992
O -0.390842825 1.782200813 -0.159827918
H -2.670891047 0.487252593 1.466969609
C -1.605898142 1.086904883 -0.345682025
H 1.665586233 0.578258455 1.445227623
C 0.503807425 0.620783389 -0.486177355
C 2.151943445 -1.515608668 -0.393886685
H 0.313106894 -0.276846588 -2.532901049
C 0.846543491 -0.839674711 -0.101152897
O -1.425903440 0.416498691 -1.615494847
H -0.009785409 -1.515905738 -0.244208261
H 2.232979298 -2.469529390 0.139256120
C -0.526772738 0.237803087 1.817460895
H 0.178222254 1.514107347 -2.461837053
H -1.964483738 -0.858406961 0.574701607
