15

N -0.492904276 -1.344960690 -1.672520280
C -0.480068713 -0.818220377 -0.422492921
H 0.122277305 1.101236820 2.759956598
C -0.034303755 0.587465823 1.813541889
O 1.382549763 2.152207136 0.604475975
C 0.359140486 0.294078022 -0.503096044
N -1.133023858 -1.248178124 0.678657949
H -1.332356095 -0.891367972 2.676486969
C -0.865203857 -0.542104125 1.763315082
C 0.315233827 -0.547061265 -2.461303473
N 0.853850365 0.435355753 -1.799723148
H 0.449438959 -0.761553168 -3.508265734
H -0.987983108 -2.160978079 -1.970491767
H 1.256765842 2.686803341 1.389102817
C 0.586587369 1.057276726 0.652355790
