15

H 0.326595336 2.813366652 1.073520660
N 0.122559659 -1.286576509 1.492029548
H 0.435622185 -2.484966516 -2.252930880
N 0.634894609 -1.511447668 -2.101248741
H -1.399451733 2.467786312 1.115432620
H 0.367565393 -0.929184377 -2.872478724
H 0.544508874 -2.863481522 0.228849843
C -0.481740177 2.290405035 0.540313423
N 0.005751498 0.309357613 -0.789980352
C 0.336869210 -1.801622748 0.294761211
H -0.586107910 2.732276678 -0.439015955
C 0.304373115 -1.003492117 -0.855180323
C -0.133397818 0.012849598 1.571612239
H -0.289041132 0.435096830 2.561506510
C -0.189000979 0.819632709 0.432809234
