16

O 1.815484047 0.931060493 0.290733248
C 0.867679596 0.099880688 -0.366551310
H 1.873378873 -0.982105315 1.744313836
O -1.283875108 1.209965706 -0.279357731
H 1.462428093 -0.468140095 -1.091464400
H 0.560061634 -1.896994710 2.296298981
C 0.191951916 -0.780628979 0.652942598
C -0.199829116 0.888610065 -1.161330104
C -1.847896457 0.107213512 0.271480918
H 0.230569705 1.848501801 -1.482007623
H -1.281558394 -0.450999379 -2.036604881
O -0.685869694 0.253796279 -2.287450075
N 1.016916990 -1.459258556 1.500660300
N -1.142199874 -0.860846519 0.802175283
H 1.349086046 1.483001828 0.939080894
H -2.926327944 0.076943189 0.207079500
