17

H -1.614164829 -1.408734560 -1.721084714
C 1.632160664 -0.256537408 0.439157695
C -1.772068739 -0.767166197 -0.841888130
N -0.735690415 1.030675769 0.484374046
N 0.909799337 -1.588180661 -1.435273290
H 2.052815437 0.978490472 2.056795597
N 1.410030246 0.754397750 1.328601956
C -0.566420972 0.167888671 -0.671678782
H 2.588533640 -0.753605604 0.542641103
C 0.195520148 1.455125570 1.409438133
H -1.614518881 1.527685881 0.588495672
H 1.808104634 -2.035532713 -1.310089707
O 0.009554818 2.337790251 2.212371349
H -1.885585070 -1.398526549 0.041499000
C 0.751506567 -0.636031508 -0.565887451
H -2.689845085 -0.190316662 -0.980688989
H -0.479731500 0.782577157 -1.576783895
