19

C -0.663932383 -0.966514885 0.621604681
C 0.893720090 1.053885102 1.210164309
H -0.298761636 -2.633168697 1.892263293
H 0.638260841 0.876571178 2.260194302
H -1.845629454 -1.029463768 -0.899494171
C 0.888116241 1.125932455 -1.902253032
C -0.516602635 -1.575116158 2.001756430
H 0.771434963 2.118814468 1.001255870
H 1.960469007 0.836221635 1.088295102
C -0.407506734 0.408188134 -2.263381958
N -0.128995895 0.773841739 -0.927073777
H 1.089437246 2.184788942 -1.982993484
C 0.041740067 0.232400656 0.294242203
H -0.350666553 -0.651140869 -2.510089159
H 1.761845946 0.519120991 -2.073275805
H -1.183729291 0.950665295 -2.783800364
H 0.255416840 -1.103683114 2.619308472
H -1.465443730 -1.494381309 2.544885635
N -1.439173341 -1.626961589 -0.191609174
