19

C -0.430828631 1.039126515 0.736151695
H -1.209519506 1.173838377 2.743761778
C -0.718938172 0.432455838 2.102583885
N 1.714897513 -1.010605931 0.797399521
C 1.498443723 -1.331864715 -1.674731851
H -1.363798380 -0.450564057 2.016465902
C -1.006620884 0.357166708 -1.212857008
H 0.675609767 -1.925749063 -2.094181538
H -1.762176394 2.362143993 -0.544272065
H 0.243951485 1.896163225 0.825085759
H 1.679276466 -0.519347429 -2.373619795
N 0.035424139 0.084881276 -0.315547168
O -1.245890975 -0.062917709 -2.309358597
H -2.604936123 0.967407584 0.172850102
C -1.647716641 1.329503059 -0.199322179
C 1.114585400 -0.778073549 -0.324076056
H 2.426367283 -1.731236577 0.663614631
H 2.391650915 -1.949696779 -1.586537480
H 0.210219055 0.117368750 2.576590776
