20

O -1.666376352 2.028994799 -0.970246792
C 2.227741241 -0.456126869 0.606521726
H -0.447465003 1.183590651 -2.303156137
C -0.794038594 0.962573946 -1.280423403
C 0.747364938 -0.129527405 0.479159623
H 0.439634144 -2.259171247 0.510833800
C 0.261175245 1.188315749 0.987375379
H 2.422713041 -0.977369070 1.549295306
H 2.538031816 -1.117204070 -0.206409484
H -1.545547247 2.286499023 -0.058136608
C -1.514959693 -0.349787265 -1.283910871
H -2.367019415 -0.400704294 -1.949077725
H -1.732929945 -2.333500862 -0.638697624
H -0.732991993 1.175582886 1.419509411
H 2.825990438 0.449830711 0.577273786
H 0.934956312 1.929221153 1.400550127
C -0.166425750 -1.346437335 0.570238948
N 0.423459709 0.941643536 -0.460755467
C -1.207117200 -1.387785196 -0.505170524
H -0.646196544 -1.388638616 1.555226564
