19

H -1.200981021 1.044735193 1.755071759
H 1.574059248 -1.369246483 0.837786913
H 0.522897065 1.349546552 2.029065609
C 0.025676355 1.290582061 -0.807478666
O -0.324144900 0.894724071 -3.217915535
C -0.195909187 0.602842331 1.682727098
C 0.128378913 0.169295818 0.256205499
C -1.006135941 -0.748344660 -0.304525822
H 0.952808380 1.841735959 -0.973067582
H -0.754868925 2.010066032 -0.554099917
H -0.154060930 -0.245741904 2.381067753
H -1.987220764 -0.339608550 -0.030930135
O -0.882401168 -0.690023303 -1.735006213
C 1.517865300 -0.498130083 0.190223128
N -0.935774267 -3.157064676 0.688330293
C -0.953346491 -2.114941597 0.194571182
H 2.278665066 0.227698490 0.519543350
H 1.778763771 -0.809102118 -0.832510471
C -0.384269863 0.540976822 -2.079057932
