19

H -1.175112367 0.269384652 2.415891409
H 0.324068308 -0.648523271 2.168505192
H 0.713318765 -0.860984445 -2.239877224
H -0.115935050 2.031844139 -2.037271976
O -0.343653798 -1.604504824 -0.220677376
C -0.266169548 0.880508065 -0.072650522
C -0.861716688 -0.447451830 0.394390583
H -1.928557992 -0.420004874 0.137322456
C 1.174415708 1.195167422 -0.265076041
H 0.615287542 -1.556306362 -0.171639979
O -1.310826778 -1.807720542 2.370316029
C 0.257975966 1.201720476 -1.462978482
C -0.744101226 -0.599071980 1.919916391
O 1.894886017 0.027805656 -0.713855565
H 1.836032152 0.428713322 -2.783510447
C 1.163953424 0.095136158 -1.986378431
H -0.795014024 1.736612558 0.352685660
H -2.177942276 -1.907398701 1.978158236
H 1.739091873 1.985074162 0.216730773
