18

C -1.865943074 -0.600281000 -1.034925699
N -0.866635561 0.774540067 0.972722769
H -2.328134537 -1.397224665 -0.455362707
H -1.533463955 -1.019072533 -1.987562895
H 0.565157473 1.050580382 2.613390207
H 2.358748198 -0.303948730 1.111009121
C -0.712063551 -0.001963302 -0.302635968
O 1.125037074 -1.415682435 -1.263673782
H 1.058901548 -1.378175855 1.635145187
H 0.586798370 1.276532173 -1.788647175
H -2.630346537 0.154152796 -1.231501579
C 1.280258179 -0.467517883 1.083325744
C 0.505108476 0.730352342 1.579384685
C 0.388111144 0.913230956 -0.794415474
H 0.977398336 -2.286268473 -0.896483600
H 0.145169497 2.762505770 0.590727866
C 0.725767076 -0.488871843 -0.323014438
C 0.220131785 1.697112560 0.492517829
