21

H -1.038339376 -0.043846242 -1.173029780
H 1.048059583 2.286708355 -0.350456625
C -0.011972555 0.633563101 0.601937950
O -1.169239521 -0.854833901 2.063762188
H 1.645771027 -2.340750933 -2.292733192
H -1.911535978 -0.953157783 2.673109770
C -1.230525970 0.436625242 1.501786232
H 0.215194210 2.742524385 1.125696540
H 1.214392066 0.523905814 -2.462717772
H -0.699009359 -2.383610249 -0.911992490
H -0.706501305 2.460881948 -0.352324873
H -1.252566695 1.204077125 2.284554243
H -2.156132460 0.571228027 0.909658611
C 0.145048782 -1.790753484 -0.556990206
H 0.869734049 0.314578146 1.164237499
C -0.101747602 -0.241538167 -0.651828647
C 0.149725601 2.114218712 0.229249716
O 2.217536211 -0.717699647 -1.007215977
C 1.273142934 -1.629382253 -1.567547917
C 1.054623723 -0.179718107 -1.656433344
H 0.444343179 -2.153019905 0.429278344
