20

C -1.266135931 0.343300700 -0.587500155
N -0.202870905 -0.383926183 -2.345390558
C -2.454091311 0.908937216 0.105862796
O -0.000604461 -0.767417073 1.302316785
H -2.271779776 1.921935081 0.460258663
H -0.929112315 -0.068965159 -2.999972820
H -3.357370853 0.945454717 -0.535609424
H -1.377633333 -1.971791029 -1.166499615
C 0.022390841 -0.356148958 -0.096665367
O 2.854436398 -0.367342114 2.318318605
H 2.153835297 -0.843986392 2.786620617
H 1.797809005 1.130929470 1.349885106
C 1.242025733 -0.797749579 0.597933710
C -0.915938854 -0.993175447 -1.184126616
H 0.499127030 1.624389887 -1.542302251
C -0.057071958 0.722595453 -1.361199617
H 3.068144321 0.299377531 0.410473347
C 2.262471914 0.151294470 1.153165102
H -2.686137199 0.292923272 0.969420075
H 1.618506312 -1.790635943 0.365011394
