15

O 3.361405849 0.734858394 0.649717033
H -1.817826390 1.651534081 -0.556908548
H 2.578552246 -1.837558627 0.642514586
C -1.779224277 -0.986653090 -0.300752282
C 1.822032690 -1.083665729 0.430682778
H -2.497787952 -0.556463361 0.414524108
N -0.863593161 1.812360048 -0.303276360
H -1.814287066 -2.080632210 -0.211322978
C 2.257813931 0.279024303 0.448246658
H -0.534110487 2.762754202 -0.202282265
N 0.591226399 -1.455930114 0.209451884
H -2.125892639 -0.718335807 -1.312565207
C -0.026700582 0.797721505 -0.057095818
C -0.369145095 -0.532681167 -0.033304300
O 1.217536211 1.213667750 0.182370692
