15

H -1.987736344 0.395512015 0.336140811
H -2.397394419 -0.304683894 -1.238222957
C 0.810253024 0.692327917 -0.355028003
C 0.462471426 -0.468636721 1.979956388
O 1.915038824 0.640520394 -1.220965743
H -1.903456211 1.387340665 -1.144253731
H 0.652151108 1.683506727 0.067907609
N -0.355283052 0.018387876 -1.022237062
C -1.740933776 0.396360338 -0.734400213
H 0.367400616 -1.465498567 2.466505766
H 2.721058607 0.538976371 -0.710040152
O 0.244810611 -2.320408583 -1.080149531
O 0.395107239 0.550626457 2.645141125
C 0.152935475 -1.252519965 -0.580359340
C 0.663576603 -0.491810977 0.590005517
