16

C 0.251812547 0.612884521 0.301595718
H 0.833054721 1.084538341 2.199236155
C -1.181473494 -1.065100431 0.417381018
H -0.752887845 -1.486708879 1.327235222
H 1.950771809 0.240048438 1.378054976
C -1.313708663 0.464958608 0.324373722
H 1.116982818 -0.632576525 -2.165285587
H 1.044604063 -1.997846007 -1.240713358
O -1.298612833 0.371843398 -1.137793541
N 0.953302979 0.325111061 1.521780849
C 0.813242257 1.749328732 -0.430875778
N 1.378037691 2.605429649 -0.958181620
H -2.031213284 1.143149018 0.780982912
N 0.490643263 -1.259795785 -1.666204929
H -2.042581320 -1.603881121 0.024310634
C -0.211974278 -0.551382661 -0.675895751
