21

H -0.505534351 -1.724856019 1.824291348
H -0.488320529 4.126345634 -0.490955681
H -1.979267001 -0.812494576 1.524568558
C -0.026156982 1.971928000 -0.197991699
H 0.168416709 1.831014752 -1.252486944
H 2.113456011 -1.901723742 0.031423900
H 1.141015768 -0.040600020 -1.246581912
H -1.120800376 3.387423992 1.063913822
H 0.756402373 -2.956510305 -0.318498105
C -0.415972292 3.329179287 0.242979392
H -0.196342766 -1.039272428 -1.801247835
C 1.317294836 -2.106937885 -0.699619234
C 0.470046759 -0.852794051 -0.949091971
N 0.937455356 2.844764233 0.485808492
H -1.076405048 -2.948951244 -0.093393154
H 1.784890532 -2.429500580 -1.632725954
C -0.398416579 -0.355410099 0.189324856
C -1.166393638 -1.342572927 1.036040068
N -0.563736498 0.879685044 0.520744085
O -1.743376613 -2.401650906 0.300022602
H 0.991744459 2.542932987 1.463474870
