25

H 1.886908412 0.533249855 0.456502438
H 1.122415900 -1.262029052 -0.689365029
H 0.487639219 -3.314275503 0.514372885
H 0.265459687 -2.390369177 2.009828091
H -1.533191204 -0.783483565 0.669530690
H -0.888506234 0.865391374 1.677662849
C -0.133131519 2.343821526 0.307619274
H -1.283923388 -2.096578598 -0.417601049
H -0.267780572 3.347679377 0.697620869
H 0.486801207 1.770473719 2.246130943
H -1.293957949 -0.865279913 -2.294199944
C 0.815490425 -2.423439503 1.058419824
H 1.873978376 -2.534129858 1.290528536
H 0.794817746 0.480723441 -1.838086963
C -1.222416162 -0.205747530 -1.432453871
C 1.040303707 0.103767216 0.999365807
C -0.932097673 -1.084256172 -0.196065664
H -0.265337259 3.102475882 -1.601750255
H -2.209808350 0.247033164 -1.322136521
C -0.208433032 0.907105982 -1.814573050
C 0.076226234 1.268065333 1.357869029
H 1.473875880 -0.230017677 1.951277971
H -0.430201560 1.181166530 -2.853215933
C -0.203787088 2.191459656 -1.012831330
C 0.548655212 -1.152806282 0.235551268
