21

H -0.251986653 0.455609292 2.843279123
C 0.589333177 0.491186827 2.141080141
H -2.262483597 -1.347178578 -1.193775177
C 0.195808187 0.308114260 0.658057511
C -1.253922343 -1.034299374 -0.924032271
H -0.485721171 -0.943103254 -2.984386921
H -1.627810955 -0.744548321 1.186550617
H 2.049452782 -0.073763832 -0.155629039
H 1.177459359 2.190253258 -0.154453069
H -0.164050326 0.589971483 -2.096278191
O 1.059012175 1.828165531 1.927733183
N 1.166568995 -0.556870759 -0.012569536
H -0.434538782 2.455967903 0.567282081
C 0.474560827 1.825399756 0.602988541
C 0.691871762 -1.286455274 -1.146238804
C -0.311789095 -0.485999137 -2.011476040
C -1.228473783 -0.166512132 0.341675282
H 1.507070422 -1.863790870 -1.608923554
H 1.381214738 -0.188704908 2.492453098
H -1.889785051 0.697179377 0.219409734
O -0.381791055 -2.150620699 -0.692746282
