19

H -1.637841582 1.419450283 0.764747858
H -0.014033017 2.118901014 2.493189573
O 2.109812260 -0.311749399 -0.217560738
H 0.714444637 2.373009205 0.899520099
C 0.787250936 -0.865637362 -0.187791705
H -1.368317127 -1.135814309 -1.914665461
H 1.583155274 -0.728926301 -2.250204086
H -1.913515568 -1.498873711 -0.271765321
H -1.109602213 0.015650606 1.673594713
H -0.087177016 0.837494731 -1.094923496
C 0.343058854 1.608237982 1.597672105
C 1.716168880 -1.195600748 -1.271746874
C -0.388332963 0.076915003 -0.369171947
C -0.772639692 0.771752656 0.961126626
H 2.241956711 -2.151284933 -1.284360647
C -1.601889968 -0.693089247 -0.942383945
H -2.462038755 -0.031218341 -1.071382761
H 0.657134950 -1.606428027 0.603163540
H 1.202405334 0.997211397 1.882942796
