13

C -0.579317272 0.262680650 -1.648791671
H 1.896459103 -0.401831537 2.231722355
N 0.740528524 0.082535893 -1.569604754
H 0.283821136 -0.328300893 2.838002920
H -2.050181150 0.544827342 -2.778281212
N -1.733446598 0.069596253 1.613398910
O -1.093173623 0.446738392 -2.876519680
N 0.912968695 -0.455615073 2.068001509
C 0.446096569 -0.173459679 0.806154251
C -0.916990519 0.057959892 0.553759694
C 1.227728605 -0.121278048 -0.344388992
H 2.305844784 -0.254290968 -0.270487368
N -1.440338373 0.270437837 -0.622965991
