18

H -1.088836432 2.618176460 0.660520494
H -2.119428158 0.168016911 -0.993595719
H 2.142296314 0.395462126 -1.307355404
H 3.407708168 -0.459052414 -0.538918018
N 0.286247998 -0.507829368 0.247562200
H -1.731669426 1.050933599 1.332627058
H 0.716388285 1.417178750 -0.477378845
H -0.138157934 -2.351715326 1.064323068
C -1.445575356 1.020918369 -0.881664991
N 2.481743336 -0.066319712 -0.461612254
C -0.688475430 -1.514821887 0.624542594
H -1.246142387 -1.877406597 -0.246259391
C 1.618321061 -0.917312443 0.210281372
C -0.125968352 0.796364307 -0.174235225
H -1.391430497 -1.118916035 1.369729877
C -1.231162906 1.556906581 0.514156759
O 2.004064083 -1.924389005 0.768122435
H -1.449922442 1.713805795 -1.710845947
