19

C 0.844820499 1.222795606 2.106454611
C -0.221454829 -0.498587132 -0.539655447
H -1.006934524 1.655653954 1.111260295
C 0.325981021 -1.338458538 0.543202519
C 0.334074289 0.925812900 -0.486694604
H 1.341599226 -1.150337338 0.893694699
H 1.767240763 0.649512470 1.985334754
H 0.417250931 0.962796569 3.078186274
H 1.401420355 1.032302976 -0.669282019
C -0.152807817 0.970310748 0.993962169
H -1.981180429 -0.516158581 -1.749095917
O -0.250596464 -0.800046802 -2.883760452
H -0.785159647 -1.097816586 -3.625286579
H 1.120326400 2.280550480 2.129818678
N -0.769587159 -0.413068444 0.892642915
H -1.207058549 -2.100854874 -1.546280265
C -1.005205154 -1.034356952 -1.692583561
H 0.024544263 -2.378853083 0.587345004
H -0.197273299 1.628802776 -1.129262924
