20

H 0.090273231 -1.820977330 -1.054486394
C -0.033538118 0.435141236 -0.692106307
C 0.104062669 -1.021720648 -0.322800130
H -1.983972669 -0.536024749 -0.842032671
C 1.126001120 -1.078973293 0.810831010
H 0.661928535 -1.331744552 1.765569925
H 2.642287731 0.384431273 0.215149537
H -2.186866283 -0.864324272 1.763240218
C 1.711206436 0.352165997 0.811403871
H -1.025340319 0.469663769 1.928294182
H 1.941481829 0.726971447 1.817718267
O 0.714584470 1.195888758 0.243455142
H -0.603965282 1.913595557 -2.144901752
H 1.899260759 -1.826272845 0.614326417
H -0.435848981 0.269954979 -2.801028013
C -1.786619067 0.028560676 1.272752762
C -0.018981889 0.992985189 -2.091702700
C -1.225677371 -0.283487111 -0.095861807
H -2.600420713 0.761754572 1.196635723
H 1.010143399 1.232411265 -2.394457817
