16

H 2.155544996 -1.484168530 0.458406329
N -2.373085260 -0.109523416 0.977188647
N -1.795377374 0.729695737 0.169257119
H 2.262904406 1.142478466 -0.669342697
H -0.989289105 1.742707133 -1.960704684
H 0.267316937 2.455254793 -0.963482797
C -0.113414153 1.498727202 -1.354127765
C -0.525286257 0.559604228 -0.257112652
H 0.181390509 -2.266502619 1.426011086
C -0.353818238 -1.399360776 1.062684178
C 0.282130212 -0.450416774 0.256702125
C 1.718207836 -0.575610399 0.031346783
N 2.538198709 0.165532216 -0.604162872
C -1.677294135 -1.186162949 1.398774147
H -2.233701229 -1.878413081 2.024735212
H 0.655572116 1.056157947 -1.996171713
