17

H 1.206638098 0.484081477 2.244659901
H 1.642463326 -0.695852697 1.023951769
H 0.249765575 1.986367106 0.621428072
H 0.792237759 0.185806915 -2.506793976
O -1.552699327 0.233831927 1.482780337
H 0.835453093 -1.197122693 -1.419784307
C -1.259223461 -0.399964571 0.245198429
H -0.581376612 -0.917906344 -2.432453394
C 0.885029733 0.022150377 1.308925152
C -0.455954045 -0.671385050 1.435444117
C 0.182245076 -0.425751686 -1.833878398
H -0.571065784 -1.548341632 2.048814058
H 1.545730948 1.315209508 -0.357195973
C 0.631678283 1.069009900 0.192835048
H -2.047563076 -1.062017083 -0.126759067
H -1.063643217 1.189525723 -1.200370193
C -0.439716130 0.432359010 -0.726802170
