17

C 0.688677907 -0.433049560 1.234660029
N -1.238733411 0.092019439 -1.981417894
H 0.567004442 1.491791248 2.309421778
C -0.246579304 0.363502353 -0.944559216
H 0.920387089 -1.489552379 1.423807859
H 0.708691418 -0.306925029 -2.840314865
C -0.475074440 -0.176445633 0.409778327
H 0.534519732 1.901108503 -1.768678069
H 1.573563337 0.201945469 3.158206940
H 0.108820140 -1.658407092 -1.763936996
C 0.064007677 -0.600357354 -2.030241251
C -1.728508472 -0.559265852 0.820821583
C 1.097479701 0.551542819 2.245817423
O 0.310718864 1.636631370 -0.880572736
H -1.959431529 -0.502281547 -1.605470777
N -2.774996996 -0.877242029 1.169456482
O 1.849453449 0.364985198 1.043220043
