16

H -2.067916632 0.294317842 -0.166799858
C -0.700427651 -0.961913288 1.072946787
C 0.192669004 -0.933993578 -1.968280077
H -1.329780102 -0.859309614 1.973783135
O 1.118952394 -0.933315992 -2.737383366
H 1.610413671 1.509920359 -0.989097595
C -0.175584480 1.350054383 0.596616805
C 1.008142591 0.558417976 1.014778018
N -0.091172896 0.066639826 -1.084971905
H -0.822385311 -1.969920397 0.660397232
H -0.567919731 -1.744437099 -1.932901740
C 0.867959321 0.947365463 -0.435341507
H 1.824349284 0.988924503 1.581337094
O 0.668715596 -0.765133440 1.390526056
C -1.018897653 0.147622883 0.070346229
H -0.517117858 2.304759979 0.954044998
