19

O -0.365836442 -1.975099206 -0.461613208
H -1.825934529 0.040709164 -0.263780177
H 0.630442619 0.953549743 -1.852086782
H 3.708698034 -0.394156933 0.118234321
N -0.367483348 -1.024289608 1.664130449
C -0.783158004 0.375183046 -0.305761456
H -0.940253019 1.490473628 1.556196451
C 1.465753913 -0.621905565 0.233028427
H -0.517630160 -0.314750433 -2.342778444
H -1.214008689 2.455923796 0.087775402
H 0.430343330 1.966169715 0.545401692
C -0.401000798 0.607091129 -1.771986842
C -0.614903450 1.642536640 0.524913490
H 0.373711497 -1.187464118 2.323228359
H 0.105533354 -2.731362581 -0.108864143
H -1.297323585 -1.339525819 1.782842398
C 0.003894981 -0.825109720 0.300972104
C 2.661643267 -0.495704740 0.177558690
H -1.052489042 1.377732038 -2.207410812
