14

H 0.391505927 -0.740437448 2.645372868
N 0.759480238 0.205812886 -1.079343796
O 2.719668150 -0.704569638 -1.843003511
C -1.288485289 -0.661128581 1.705503941
C 1.820999384 0.074999020 -1.971850395
O -0.510216951 -0.472079158 2.865250587
O -1.119880199 0.902769983 -0.173003674
H -1.524653316 -1.724485755 1.546102047
H -2.236189604 -0.115784548 1.835879683
N 0.508575261 -0.612680316 0.012155913
H 1.718908787 0.800056458 -2.800004244
C -0.247752801 1.168261170 -1.222055793
O -0.395819902 2.036480188 -2.018126726
C -0.596139431 -0.157214522 0.497122794
