19

H -0.198852837 1.352383614 2.412317514
C -1.534128070 1.119947433 -0.625330865
C 1.595241070 -0.800482392 -0.376595080
H 1.377181530 0.654454589 1.970430613
C -0.292262554 0.100605749 0.662739098
H -2.358068943 0.994035602 -1.330121398
C -0.606180906 -1.182986856 -1.031593084
C -0.252219856 0.290551692 -0.850696385
C 0.244213417 -1.294349551 0.252569139
H 2.349238634 -0.506384492 0.355965018
H 2.038624763 -1.539003611 -1.061850905
H -0.188387811 -1.645012856 -1.934954762
H -1.662077427 -1.407003403 -0.927635491
O -1.733948827 0.412059933 0.631785572
H -1.347543359 2.195272923 -0.441028863
H 0.701658785 1.984004378 1.009415627
O 1.145048380 0.383456796 -1.156223178
H 0.278404713 -2.184854507 0.875210702
C 0.444059581 1.073304415 1.565597057
