20

H -0.740886807 0.338392615 -2.289149523
H 1.876650691 -0.644149244 -1.764027238
C -0.392523110 -0.615177631 -1.875806212
C -1.122067332 -1.127907753 -0.633378983
C 0.042835694 1.090146899 0.275550425
H 1.497468114 -1.635850906 0.736925006
O 1.089434624 0.924402952 -0.694627941
H -0.769703805 1.705928922 -0.155395925
H 1.463397861 1.256867528 1.897425175
C 0.633557856 1.810932994 1.470975995
H -0.125045061 1.939119935 2.257474422
O -0.952987790 -0.595542610 1.826961040
H 0.988209486 2.814208746 1.182115316
O -0.294167966 -2.271272659 -0.276632577
C 0.991534650 -0.414021343 -1.177197814
H -0.400314689 -1.382608652 -2.644120455
H -1.846499205 -0.234936967 1.877642512
C 0.688813031 -1.271474719 0.094409734
H -2.190685272 -1.352943063 -0.660528183
C -0.437020987 -0.334114939 0.551384866
