20

H 2.134037256 -1.791964531 0.456864059
H -0.439915061 -2.650371313 -0.284453243
N 1.756795287 1.901042938 1.140733957
N -2.754162788 0.223504975 -0.128100827
C -0.687659860 1.473137259 0.653188050
H 2.073227406 -1.302659392 -1.243688941
N -0.482698768 -0.545903146 -0.274337202
H 1.463256717 2.861173391 1.273554325
H -1.120990515 2.390387297 1.023626089
H 2.930283070 -0.300754279 -0.058156047
H -3.186928272 1.041887641 -0.574298739
C 2.032187223 -0.920796871 -0.221117601
H 2.566325426 1.890102744 0.541956306
C -0.820919156 -1.810736656 -0.887596965
H -1.904400587 -1.895668864 -0.956173420
H -3.283889055 -0.078847028 0.664193153
C 0.690338194 1.120110393 0.623932898
C -1.377073169 0.416199803 0.101042770
H -0.399318427 -1.899568915 -1.901808262
C 0.811505735 -0.120275758 0.050639573
