20

H 0.476691037 -2.520198107 1.391537905
H 4.126685619 3.778594017 -2.374626875
H -1.960440636 0.852656186 -1.827944040
H -1.974677801 -0.222313538 2.846291065
C 0.021942733 1.408259749 -1.364921570
O -1.426482558 -1.717082977 1.612017632
C 2.207940578 2.654779434 -1.897863865
H -1.625630260 1.123140812 -0.113197371
H 0.752285004 -0.533233523 0.064486034
O -1.102672815 -0.708632410 -0.915487349
H -0.817797422 -3.145852327 0.352892697
C -0.404326230 -2.229119778 0.790785670
H 0.576023757 -1.857654572 -1.098806977
H -0.436018974 -1.025154233 3.272372246
C 1.065683365 1.992133260 -1.607226014
C 0.049238589 -1.281855822 -0.312762886
H -0.485968083 0.150216356 1.929826975
C -1.222286224 0.693279624 -1.040434361
C -1.058394790 -0.652212977 2.442576408
C 3.238204718 3.240250587 -2.149515867
