21

H 0.745940626 -2.070343494 1.652958274
N 1.192048073 0.770932674 -1.363885760
C -0.750421643 2.023203850 1.173396111
H 0.910389364 -1.369007468 -1.943199277
C -0.239565045 0.369826406 -1.235089779
H -0.160781339 2.456683397 0.359084547
H -1.159205437 0.101368137 2.100326300
H -1.809850097 2.252963543 0.985897303
C 0.693122208 -2.122024059 0.552492082
C -0.529031157 0.509214222 1.293286443
C -0.839705408 -0.287533045 0.002746747
C 0.664766967 -0.339665294 -2.181643248
H -1.932271004 -0.266363114 -0.136806712
H 1.671529531 0.518977344 -0.507810354
H -0.905079186 1.116306543 -1.665717721
H 0.800066769 -3.170001030 0.246803045
H 0.512014747 0.324446529 1.595665932
O -0.567638516 -1.684800148 0.078719556
H 1.544728994 -1.557048082 0.138087213
H -0.461693615 2.539386034 2.095608234
H 0.620635509 -0.116523668 -3.240919113
