25

H 2.745318174 -0.457691848 -0.250867456
C 0.364609987 -0.776920974 0.892616689
H -1.211018801 1.565439701 0.139768064
N -1.003026843 -0.950547338 1.451969385
H -1.446428418 0.433781326 3.050955534
H 1.524734378 0.220976740 2.557995319
H 0.615001023 -1.477115870 -1.114523768
C 0.602862656 -0.486476481 -0.621077776
H 0.524586082 -0.057190895 -3.153535366
H 2.018352270 1.140099049 -0.434147775
H -0.656993568 1.260266900 -3.143538952
H -1.215474963 -0.425310910 -3.112217188
C 1.997897863 0.119165897 -0.802633643
H -2.138451099 0.087828554 -0.150110379
H -1.414359927 -1.861091375 1.505539775
H 2.289545774 0.127586171 -1.845401168
C -1.534881473 0.855145752 -0.626821041
C -0.440686375 0.264607012 -2.744802952
H 1.000670791 -1.639893770 1.098326206
H 0.454685926 1.308413029 1.667104602
H -2.148016214 1.382799029 -1.345980167
C -0.670327663 -0.275662363 2.711443901
H -0.455333322 -0.931834400 3.562785387
N -0.389481127 0.289995879 -1.306599855
C 0.586214900 0.283631176 2.013752937
