20

H -0.442367017 -2.315967083 -0.054062732
C -0.159956470 0.470273376 -0.772001684
O -0.956023276 -0.632117927 -1.161424279
C 0.401236176 -0.854855835 2.057482958
H 1.084654808 -0.006279261 2.155587435
N -0.703783453 -0.567874134 1.144827247
H 0.009618135 -1.061486959 3.062651396
C 1.355734706 0.150485739 -1.023459077
H 1.569616199 -0.872544467 -1.351935983
H 2.048476458 0.422568262 -0.215421066
H -0.276204586 1.537014484 1.181524873
C -1.089791656 -1.426424026 0.029765313
C -0.784177303 0.766526699 0.597423613
H -2.136682987 -1.765915513 0.106482551
H -0.605353475 1.550586462 -2.666084528
H 0.983712733 -1.718720555 1.739393592
O 1.391712070 1.094272137 -2.109258175
C 0.060791120 1.588384271 -1.800691962
H 0.091687195 2.604481459 -1.388361812
H -1.842899919 1.037593126 0.467562318
