18

H 2.120736361 -1.133423090 -1.622658968
H -1.327290893 -1.642786384 -0.099805757
H 2.713324070 -0.827898920 0.858228803
H 0.911820829 -2.358442783 0.160190091
H 1.565925479 0.566307008 0.936666548
N -1.867564440 1.249717236 -2.344705582
C -1.024248362 1.444820285 0.126389191
C 1.451690435 -0.564757347 -0.989005923
C -1.198786139 0.141740635 0.946575463
H -0.765951157 0.329126537 1.939307928
H -1.575455785 2.233370066 0.640302002
C -1.496433139 1.336669326 -1.249792576
C 1.798750281 -0.375349790 0.472978711
H -2.276137114 -0.024843127 1.110191822
H 0.028601514 1.762094975 0.108392529
C 0.677365661 -1.310241342 0.080135234
N -0.682533026 -1.075275540 0.422923863
H 0.946186125 0.249172390 -1.496313572
