23

C -0.041216109 -0.497159034 -1.172249556
C 1.331775904 1.902811766 -1.604256153
N -0.156388640 -1.509548426 1.366585016
H -1.662950039 -1.455138326 -2.257401705
C -0.861134648 -1.733253717 -1.568862557
H -1.210871696 1.738650084 2.126192808
H -0.755238831 0.422545224 3.230489492
C -0.686690032 0.507545948 -0.266615331
C -0.447432131 -0.035042614 1.153309345
H -1.304511428 -2.187636852 -0.682175934
H -0.176307708 -1.675308943 2.375602961
H 1.696500540 -0.307931542 1.801905394
H 0.819072843 2.845911503 -1.410540700
H -0.231473833 -2.483504534 -2.038005590
H 1.342328548 1.749473453 -2.683573484
H 2.362997532 2.022108316 -1.277548313
H -2.250604391 0.312380582 2.291460037
C -1.204449415 0.644902408 2.255955935
C 0.643185258 0.734202564 -0.924099386
H -1.579692721 1.050971150 -0.548960149
C 0.935863018 -0.555686414 1.071429729
H 2.175109386 -0.944117010 -0.831333220
C 1.262129307 -0.547175944 -0.407309353
