20

C 0.495478451 -0.184120849 0.599571049
O -0.549861073 -0.638436735 1.436529756
H -0.643364191 1.745974064 0.223795205
C -1.753566265 -0.147303492 -1.474114895
H 0.106078625 -1.947350383 -0.773659647
C 0.135062799 1.111318350 -0.196553245
H -1.393799543 -0.454224020 0.991640925
C 1.758480906 -0.211861417 1.452846169
H 1.020642281 1.707416177 -0.436801881
C -0.300748020 0.216881126 -1.402880549
O 1.641158700 0.432171732 2.703426838
C 0.540592909 -0.942325354 -0.767998040
H 2.587840796 0.216338396 0.879075944
N -2.663438797 0.499820560 -0.832808733
H 1.555780768 -0.990262151 -1.177871108
H 1.012150526 1.136847615 2.632974863
H -1.979150772 -1.017033339 -2.101424217
H -3.597801924 0.168605044 -1.051138401
H 0.033746194 0.553508401 -2.388593912
H 1.994718432 -1.255963683 1.683984399
