23

C -0.155307591 0.001737782 1.630126715
H -2.675018549 1.763398170 -1.009661555
C -0.682483196 0.184650242 -2.031610966
C 1.566936970 -0.351523370 0.107168756
C 1.206563473 -1.322961926 1.266598463
C -0.319441050 -1.474864841 1.228121638
H -0.820235789 -1.740129828 0.293923587
H -0.711008787 -0.887240589 -1.826344013
C 0.414958268 0.683825493 0.346562326
O 1.064824224 -0.372138053 2.345271111
H -2.017362833 1.937352538 0.676457524
H 2.531791687 0.135104075 0.307170153
C -0.589156568 1.006865263 -0.760640323
H 0.873894572 1.636002898 0.650554597
H -0.689415991 -2.092681885 2.051068783
C -1.787962437 1.772899270 -0.373107433
H 1.895546079 -2.157007933 1.467374206
O -0.673629582 2.446622133 -0.974008203
H -0.879929960 0.543232322 2.239809275
H -1.591191649 0.460397810 -2.589249134
H 0.167829275 0.387373179 -2.684933901
H 2.293937922 -1.606332183 -1.184637070
O 1.575861096 -0.954580426 -1.176014543
