16

C 2.004276037 0.800771892 -0.025568459
C -0.078875437 -0.238849536 -0.720464885
C -0.975974381 0.184604242 0.474935830
H 0.561856806 1.285237312 -1.910621881
H -1.054701328 0.950585544 -2.074163437
N -0.133922815 0.556663394 -1.910412431
H -1.933608532 1.480553746 1.472258329
H -0.310211778 -1.277954936 -0.956908762
H 0.379053235 -1.910922527 1.434584737
N -0.625293374 -1.960517645 1.425265312
N -1.431451678 1.358725667 0.593590975
O 1.293130040 -0.328969955 -0.244996995
O -1.232896686 -0.736039937 1.443957448
H 1.447233558 1.740550399 -0.246912584
O 3.120898724 0.741506219 0.407503664
H -1.029512286 -2.645944118 0.837953210
