19

H -1.928413987 0.543304443 1.087680936
N -1.521545410 -0.280082583 0.637455583
H -1.043846011 2.059016228 -0.888214290
H -1.639650583 -0.913885951 -1.328262448
H 3.255710840 -0.633890629 0.334173471
C -1.569212914 1.228895664 -1.373092055
H 1.111996293 -1.580469966 1.968684196
C -1.133648992 -0.120768093 -0.767401338
H 0.805454910 -0.234047428 -1.919491768
C 1.104762912 -0.449506521 0.177057102
N 0.557158649 -1.139291286 1.259640336
C -0.801012993 -1.013466358 1.579260349
H -2.648556709 1.371658325 -1.254024982
H 2.692576408 0.867309272 -0.430346131
O -1.302810192 -1.469289541 2.585136175
C 2.480134487 0.145593673 0.359427094
H 2.551482916 0.651764452 1.335983753
H -1.342754960 1.258003235 -2.438396692
C 0.372175545 -0.290846974 -0.925268710
