22

H -1.341307163 -0.214951292 2.108057499
H 0.687748373 1.920044422 1.683868766
H 0.599864006 -1.024802089 -2.446567774
C 0.404740483 -1.413617373 -1.454100609
C 0.093615763 1.350748301 -0.314871848
C -0.002629212 -1.043139338 0.631957412
H -1.110758543 0.746003449 -2.052195072
H 0.476417005 -2.498811960 -1.456741214
H 0.336829871 -0.222441867 2.603578091
N 1.371280193 0.655220032 -0.607847452
H 2.092348576 1.053992391 -0.009610319
H -2.013494492 0.921211481 -0.542321026
H 0.169113919 2.364214897 -0.735747993
H 0.016944084 -2.083778620 0.975477457
C -1.067865372 0.572889566 -0.973885059
H -1.776992798 -1.510549784 -0.751709938
C 1.235590339 -0.777693033 -0.305842757
H 2.195591450 -1.217123628 -0.028234227
C -0.854803145 -0.929648936 -0.686502576
C -0.152784064 1.401449323 1.204961419
H -1.044437528 1.996423364 1.412533522
C -0.315011621 -0.045639079 1.745743275
