19

H 0.756682456 -1.226606846 0.915352464
C 1.323816776 0.718077004 1.663421631
C -0.921953380 -0.915630400 -1.068414092
N 0.067602582 2.585078478 -0.902618885
C 0.962604344 -0.219947591 0.517071843
H 0.526304603 0.747006178 2.415804625
H -0.996741116 0.659071922 0.402486444
C 0.122357480 1.344067097 -1.245866060
H 2.236578703 0.382443279 2.173332453
C -1.539917588 -1.906244874 -0.177797720
H 0.453638345 1.003854752 -2.235643625
C -0.267827064 0.248070732 -0.294819951
C -2.037585735 -2.691907406 0.579925895
H 0.353679031 3.180947304 -1.680834293
H -2.485223532 -3.392712593 1.239509821
H -1.683618546 -0.513595998 -1.741466761
H -0.174736440 -1.409120083 -1.704575419
H 1.822653890 -0.331698209 -0.160764515
H 1.481685281 1.738847494 1.305896521
