19

H 1.037395835 -1.429892778 -1.185948133
O 0.249316096 0.617581069 4.383082390
H 0.521293461 -1.031549811 3.228494167
C -0.289874226 0.268333584 -1.750527501
H -1.445305705 -1.155145884 -3.026009321
H 1.094647646 -1.004594445 -2.946086645
H -1.496903896 1.188973665 -0.222495943
C -0.440024942 0.940552115 -0.394432604
C 0.090385139 0.147421330 0.783732295
H -0.307883590 -0.868705392 0.887253106
C 0.568093181 0.807528794 2.031878948
O 1.480522156 0.228772864 1.084221005
C -0.959303916 -1.038280845 -2.064231396
C 0.433402687 0.074776791 3.327800989
H 0.573632538 1.891081572 2.100081921
H 0.109723896 1.887653828 -0.395083934
H -0.311730891 0.998303652 -2.560613155
H -1.451934338 -1.575298071 -1.267456293
C 0.544548988 -0.947512031 -2.013659716
