16

C -0.898717403 -0.853973210 -2.745065689
O 1.178591847 1.960429192 2.581927538
H -1.407310605 -0.913441777 -3.714093447
C -0.885479093 -1.876512647 -0.644367158
N 0.642314374 1.048967957 0.591148376
C 0.218553528 0.177915230 -0.300402582
N -1.053195953 -1.915205956 -1.976737857
N 0.500058353 0.632391751 -1.594167113
H -1.209283829 -2.772641897 -0.122139886
H 1.167004585 -0.109478824 2.280043364
N -0.388235152 -0.933614790 0.147607192
N -0.227612495 0.304370612 -2.613816023
C 0.603208661 0.802334249 2.002695322
H -0.433474392 0.648505628 2.308456182
H 1.077827215 1.902983785 0.262795001
H 1.115750670 1.896970510 3.536116362
