18

H -1.753835797 0.968409359 -1.398097038
H -0.754958808 1.520613313 1.364418149
H 2.014224052 -1.486693621 0.410206139
H 2.227199793 0.057226263 1.246453524
C 0.209979087 -0.319242775 0.568508983
H 1.150774598 1.769136190 -0.512641490
O -0.111171536 -0.886965096 1.828452468
H -1.050852180 -1.160396099 1.781515598
O 0.260658234 2.093569994 -0.301983237
H -2.517196178 0.292704552 0.069056906
H 0.513536751 -0.292732477 -2.016176701
C -1.559623122 0.443543673 -0.461179227
O -0.094971180 -1.027711511 -1.865537286
C -0.442255378 1.091493011 0.405333489
C 1.722846985 -0.434995830 0.407470554
C -0.701342583 -0.832364440 -0.603696167
H -1.205676913 -1.782829881 -0.385526538
H 2.092664242 -0.012764406 -0.536578238
