15

C 1.083183289 -0.995310187 -1.139541149
H -0.584140182 2.601589203 -0.931116998
H 1.723788142 -1.335509896 -1.938758492
N -0.194939941 0.290752262 0.171621993
C -0.912631869 1.366739750 0.739942670
H 0.633563399 1.105515480 -1.645684481
H -1.427059412 3.270274878 0.407335371
O -1.485618830 1.265742064 1.800083399
C 0.648284853 -1.762178421 -0.025523774
C 0.546813309 0.247377276 -1.002255440
H 0.629540980 -3.398022652 0.947272122
N -0.901806831 2.509818316 0.008210733
O 0.990119457 -3.069709301 0.121205524
C -0.121139385 -0.970880091 0.778913498
H -0.627956867 -1.126198649 1.708295107
