21

H -1.462890625 -2.044250011 -1.658639312
C -0.738675356 -0.074998416 -1.367375374
C 0.799592197 1.613391042 0.292803675
N -0.630109608 -1.534487605 -1.414650321
H 0.863521516 1.876820564 2.167416811
H -1.543090343 1.348321199 1.596925735
O 1.492559314 1.532234311 1.510159016
C -0.026713178 -1.988698602 -0.192231447
O -0.228577003 2.578646421 0.450474769
C -0.216864616 0.446372718 0.016463639
H -2.084265471 1.781396151 -0.051035605
H 0.252386063 -0.888180077 1.775380731
C -1.212357879 1.513286233 0.562746644
H 1.511767507 1.846522450 -0.504303694
H -1.802140951 0.193906561 -1.488405704
H -0.360460520 -2.943600178 0.200275898
H 1.844438910 -1.097798944 -0.914601505
C 1.392771006 -1.556917310 -0.037074707
H -0.194462165 0.373312175 -2.201894283
H 2.060063362 -2.158933878 0.562664688
C 0.283507973 -0.816344202 0.694900870
