20

O 2.283026218 -0.517125309 2.426007032
O 1.454174280 -1.670546174 -1.396204710
H 0.498418689 0.567589283 2.448693752
H -2.356782675 -0.689794421 -1.919994235
H -0.915927172 2.281483650 -0.229306102
H 2.807916880 0.250536650 2.166032791
H 1.425559521 0.645999730 0.100059412
O -0.535637558 2.016887188 -1.071917653
H -2.417829275 0.969811440 -2.570421219
C 0.959172904 -0.319547802 1.979061961
H -2.949700594 0.642480075 -0.904662132
C 1.456276298 -1.485724330 -0.208977535
H -0.079137482 0.281601399 -1.949557543
H 0.405909538 -1.205324292 2.331274271
C -2.219129086 0.363063008 -1.674938560
H 1.901301861 -2.204198360 0.497209281
C 0.846160889 -0.230354175 0.446726531
N -0.521925807 -0.093233198 0.024100659
H -1.245791912 -0.228852183 0.713242054
C -0.796055973 0.625247955 -1.206428051
