19

H -0.023477802 1.245968103 -4.540095329
H 0.730720282 -1.417877674 -1.414772272
C 1.004870415 -0.072712429 1.059558630
H -1.441909194 0.297303051 -0.488106966
N 1.018179178 1.326599479 0.629768372
C -0.366799593 -0.748809457 0.982396543
H -2.338547468 -0.719001532 1.872651219
H -1.423952579 0.774870455 2.104544401
C 1.403520823 0.282387823 -0.322036475
H 0.086726218 1.697015405 0.478302836
H 1.708301067 -0.368793458 1.830772996
H -1.022909760 -0.661438644 3.048139572
C 0.077296175 0.779173076 -3.594155312
C 0.368136972 -0.384339064 -1.230985045
C -1.345085979 -0.311992288 2.064691544
H 2.428387403 0.358847231 -0.673915327
C 0.180116564 0.253776968 -2.512462854
N -0.831916153 -0.493958384 -0.382275671
H -0.211656526 -1.837018728 1.087979436
