22

C -0.223571450 -0.164551020 0.194581881
H 2.005666971 3.245608568 0.042624723
H -2.130892277 0.492192328 -0.687884927
H -2.157428741 -1.765458465 -1.437874317
H 0.220470995 -1.767070889 1.637416005
C -1.749791622 -0.225732967 0.053612527
O -0.929908335 -2.460082531 0.072801687
C 0.126889616 -1.634279490 0.547918499
C 0.327282578 0.993136644 1.102013350
H 0.158001274 0.547414362 -2.003813744
H 1.051417828 -1.984907269 0.077165172
C 2.030113220 0.527027071 -0.688840926
H -2.948502302 -2.087494135 0.117104642
H 2.641778946 0.887103558 -1.506781697
C 0.546999633 0.469114304 -1.000057936
H -0.464190781 1.683028221 1.425851583
C 1.104764104 1.546460390 -0.107605100
C -2.042399406 -1.683444142 -0.352324665
O 1.228012323 2.903803825 -0.413334370
H 2.505774260 -0.231285155 -0.072941966
H 0.919169903 0.693944097 1.984439969
H -2.219656706 0.015472050 1.015929818
