21

H 0.596379519 3.250356674 1.105210900
H -1.789486885 0.477412671 -0.134745538
C 0.348304033 -0.785205245 1.080845118
H 1.329546094 -1.137826443 1.396429658
C -1.299515963 -1.591935754 -0.292839020
H -0.941716671 2.366816759 1.062969565
H -1.215763927 0.019436805 -1.746765494
H 0.382164419 1.816884160 2.095074177
H -2.063906908 -3.295925856 -0.369688451
C 0.153827310 2.251090288 1.121579051
N 0.744141817 1.465547919 0.055374954
H -0.130883589 -0.268078774 1.930622935
C -1.074858069 -0.159147620 -0.679361880
C 1.408769250 -0.447601467 -1.197480679
N -2.135507345 -2.377150059 -0.801087677
O -0.437547117 -1.932066441 0.728355467
H 1.342826962 0.125762582 -2.127752304
H 1.224223375 -1.502757072 -1.428293109
H 2.415104151 -0.331588537 -0.794457555
C 0.372465223 0.089066058 -0.186428875
H 0.771434426 1.966909051 -0.817561090
