17

C -1.265298605 0.117469534 -1.118500113
C -0.022477496 -1.843557119 -0.370119721
H 1.641044736 1.427337289 2.409799099
H 1.957422256 -1.113914371 1.848462224
H -1.525777578 0.542648435 -2.083444357
C 1.190255761 0.909094214 1.582048893
C 0.577571392 -0.743641317 0.126349732
C 1.352666616 -0.400441408 1.302127361
C 0.075489625 0.538286924 -0.528426766
O -1.841811061 -2.155648947 -1.899265170
H 0.652362645 2.546388626 0.232282519
C 0.246918529 1.592168689 0.598828435
H 0.757017136 0.783441961 -1.355329633
H -0.723339736 1.829456925 1.069893479
C -1.129153013 -1.439550519 -1.239103675
H -2.105425119 0.300235510 -0.435452461
H 0.162534013 -2.889775038 -0.140149787
