21

O -3.126106739 -0.004897370 -1.155251741
C -1.299514890 0.627197325 0.212789789
C 0.967252791 -0.601755440 0.423227221
C -1.954270959 -0.066924617 -0.904137850
H 0.223781154 -1.605308771 -2.947522402
H -3.251660824 1.475972295 0.580297530
H 2.724596024 0.706960738 0.516375065
H 0.285723567 1.240647435 1.384013176
H -2.186774969 1.436383009 2.008792877
C 2.325827122 -0.187652960 1.016337037
H 1.835587502 -0.291720897 -1.543366551
C -2.229542732 1.593232512 0.928639054
H -1.925910950 2.636407137 0.743719876
H 3.058618069 -0.989162445 0.892326593
H 2.247578621 0.033122461 2.087043285
H 1.736131191 -1.952690005 -1.064045906
C -0.039565004 0.485684037 0.669353247
C 0.028190574 -1.186286688 -1.970121384
C 1.164612412 -1.017220378 -1.050370336
H 0.632146001 -1.488253593 0.984269798
O -1.216697931 -0.843734026 -1.812368035
