19

H -1.899881601 2.739933968 -0.580920637
H -0.440635383 2.743802309 0.421727806
H -0.294534594 2.635838032 -1.340971947
O 1.501349330 0.858632624 -0.051770151
H 1.049504876 -2.531035185 0.994035125
C 0.333935231 0.060231648 0.016963908
C -0.894820809 2.325003624 -0.486083746
C 0.911749184 -2.502107382 -0.083064593
H 2.233587980 0.323873907 0.289897829
O -0.427223474 -2.272070408 -0.531236172
H 0.835666120 -1.087293267 -1.782945156
H -0.474781245 -1.023989916 1.868423820
O -1.626104951 0.381124824 0.819502294
C 0.521593511 -1.239622951 -0.740957081
H 1.460100293 -3.268414259 -0.646242142
H 0.028538743 0.683848202 2.120667696
C -0.969417691 0.815717518 -0.398503274
C -0.383982301 -0.036252566 1.393683195
H -1.464643478 0.392779112 -1.282206774
