25

H 0.781852782 -0.930063725 -2.268553972
H -1.818153858 1.149452090 -1.157816172
C -0.068648763 2.394212723 -1.006702065
H -1.415599227 -2.321623325 2.137287855
H -0.503633618 0.607922316 -2.200404167
C -0.193646267 0.221073806 -0.020644918
N 1.619555116 -0.788142025 -1.700571895
C 1.220528245 -0.284133077 -0.361723304
H 2.612472534 -2.026396513 -0.247043446
H 0.992690682 2.363063097 -1.293068647
H -0.548425794 3.217535257 -1.550479531
H 0.875792384 -2.488026381 -0.491485387
C -0.218426600 1.361182928 1.044499278
C -0.732088506 1.034089684 -1.228829741
H 1.988135099 0.355649471 0.045053922
C -0.720833659 -1.525375843 1.854939342
O -0.218461260 2.630007029 0.386843234
C 1.622662783 -1.706323862 -0.560708761
C -1.106617689 -0.920170426 0.484767944
H 0.658424914 1.324648499 1.706868649
H 0.290350914 -1.941969395 1.834280491
H -2.128578663 -0.543952465 0.530757546
H -0.748816311 -0.774365783 2.649923325
H -1.121633649 1.317322373 1.674619317
H -1.118901849 -1.725615978 -0.261808187
