15

C 0.800732791 -0.352116674 1.025020123
C -0.213754743 -0.828411877 0.230281100
H 2.185982943 1.292452216 1.318403840
H 0.273074657 -0.942944586 -1.744791508
C -2.202958345 -2.288589716 1.110346794
H 0.125181541 1.246812940 -2.315372944
C -1.271411777 -1.635317087 0.701846123
H 1.120560050 -0.912062347 1.902258873
C 0.955092311 1.600205779 -0.371908575
C -0.111667007 1.045583606 -1.272333622
C 1.393261194 0.899400592 0.693084955
H -1.070087671 1.538592339 -1.072960377
H 1.314733744 2.605886698 -0.583332300
N -0.286484778 -0.405187219 -1.091756582
H -3.012254715 -2.864304781 1.471214414
