20

C 1.839141846 -2.441095591 0.234373778
H -1.171338797 -0.879139423 -0.362337708
H -1.692335606 3.594892740 -0.126514584
H 1.038956642 -2.924303055 -0.337809801
C -2.409171820 2.925184011 0.315221012
H -2.514145613 3.163005114 1.378494024
N 1.878272414 -1.023305178 -0.158918545
O -2.705677032 0.570678055 0.723553956
C -0.394477069 -0.168491229 -0.680973828
N 4.118515968 -3.596376896 -0.315298021
H 1.605186939 -2.570237160 1.305373430
C 0.792451143 -0.295251131 0.176565886
C 3.112965822 -3.089148760 -0.080612667
H -3.381844521 3.080295801 -0.153619185
C -2.054059744 1.446160316 0.194275275
H -0.166095555 -0.368959635 -1.723632336
H 0.723809361 0.113182448 1.168848038
H -0.462683558 1.921475530 -1.030343413
N -0.957776904 1.175406098 -0.557158768
H 2.800305605 -0.633972168 0.030513655
