19

H 1.916954160 -1.391221285 1.431734562
C -1.257954240 0.013959568 0.126125410
C 2.306669712 -0.591409743 0.795224309
C -3.606506586 -0.770266950 -0.121812321
C -2.208945513 -1.077556252 -0.410481453
C 1.685345769 1.506440520 -0.356933236
H -1.943385839 -2.047065020 0.034325730
H -2.070770025 -1.184516907 -1.494773984
H 0.253340214 -0.327632070 -1.213778615
H -1.569966555 0.985239267 -0.280484110
C 1.176484704 0.398834169 0.451057374
H -1.354809761 0.070886940 1.215390682
H 2.705755234 -1.036218047 -0.123189591
C 2.129545927 2.393357515 -1.041445255
N 0.104846016 -0.347046793 -0.209825248
H 0.785121679 0.812263846 1.388426065
H 2.534696341 3.178804398 -1.634650230
N -4.706210136 -0.509019434 0.127650559
H 3.119787931 -0.077834196 1.317439318
