18

H 1.630873561 2.474155664 0.601617515
N -0.961558402 0.637033522 -0.671000540
H 1.467592359 1.913936734 -1.099277973
C 0.071117833 0.884795964 0.256957442
H -0.721234620 -0.149935231 2.023116112
C 0.180425182 0.356279999 1.692092657
O 0.869057178 -1.559701324 0.049942441
H 0.163048148 -1.451340914 -1.921953201
C -0.222017348 -1.679202795 -0.916937649
O 2.157213926 0.445050180 0.282622397
H 0.720846772 0.890722096 2.460781813
C -1.418298244 -0.766947448 -0.624250174
H -1.870022774 -1.018497705 0.337200522
H -0.524032474 -2.729013920 -0.883974016
C 1.371551752 1.625105023 -0.046384882
C 0.961071908 -0.276989222 0.557385504
H -2.178347826 -0.919577897 -1.388059258
H -1.697286725 1.324126959 -0.709878683
