18

C -1.047656298 -1.307694077 1.356792569
C 0.296256214 1.713793993 -1.065747619
H -1.615275741 0.879641294 -0.085174628
C -0.972472906 0.937557518 -0.935438931
H -2.923124075 -0.826246440 2.507597208
H -0.077330299 -2.175288200 -0.280436575
H 2.001017094 -0.858491242 -0.160694480
O 1.389684796 0.272836894 1.447753191
N 1.294178843 0.946154118 -1.879956722
C 0.440119833 0.447549433 -0.770739377
C -2.046108723 -1.055016756 1.970654726
C 0.182349190 -1.641882181 0.640496254
H 0.472233385 2.739518642 -0.889466405
H 0.784021437 0.676075697 -2.710060596
H -1.471837878 0.817723870 -1.890900254
H 1.448335409 1.205715895 1.225799203
C 1.081915975 -0.443907768 0.275121063
H 0.763693750 -2.328040600 1.244401217
