24

H 3.148109674 2.155505657 0.662211418
H 0.313697398 2.908375978 0.560498178
C 0.553232133 0.049823415 0.522992253
H -1.774264097 -1.399281621 0.851379156
C 1.493339419 1.112358451 -0.006780221
N 2.197365284 1.947628140 0.981345534
H -3.496157646 -0.340955138 -0.619785428
C -1.523290873 -1.419695258 -0.217692494
C 1.222924471 2.559531212 0.080245115
H -2.577296019 -0.839400589 -2.056900978
H 1.929801345 -1.604344964 0.232751638
C -0.454260558 -0.350952923 -0.540200114
C -2.499619961 -0.510183096 -1.019778609
H -0.007920301 0.474877119 1.363809586
H 2.068754435 0.781420171 -0.856694043
H 0.713422239 -1.912885904 1.457852244
H -1.779479742 1.188581467 -0.094713368
N -1.532613873 0.630643606 -0.909714639
H -1.863350511 -3.310761690 -0.378807604
H 0.068483375 -0.638659835 -1.463492632
C 1.361467242 -1.143308640 1.046288371
H 1.555147171 3.183119774 -0.745416045
H 2.057515860 -0.818527400 1.814522982
O -1.175007463 -2.702906847 -0.663919866
