17

H 0.811950624 2.392594814 -1.162842274
N 2.184545994 -0.330774695 -1.069951415
H -0.205903068 1.972687244 1.549213529
H 2.432769537 0.559456170 -1.483614206
C -0.385487974 -0.119886354 1.815995693
C -0.068046704 0.835715950 -0.407296181
C -1.042968631 -0.272749990 -0.905182123
O -0.059585899 2.048721075 -1.114702344
H 0.038857732 -2.296344519 -0.660525084
H -0.589098155 -0.143164232 2.873844862
C -0.229352042 1.001112342 1.094356179
H -1.047319412 -0.321680367 -1.989485145
H -0.511727273 -2.179890156 1.647856712
C -0.049952924 -1.289879680 -0.265242726
H -2.049350977 -0.261921316 -0.503026366
C 1.003541827 -0.255483568 -0.605469227
N -0.232872725 -1.338512659 1.186069250
