17

H 1.342270255 0.578249514 1.228070498
H 1.465377927 0.420588315 -1.280420184
H -1.451070666 -0.639078319 -1.201096892
C -0.107295364 -2.289250612 0.134189829
C 0.734774649 -0.377246618 -1.287641644
N -0.440440804 -3.377493382 0.249253437
H 2.001303911 -1.045489550 1.387244344
H -0.598212004 1.611263156 1.350633621
C -0.643000960 -0.050752886 -0.777855575
C 0.310484767 -0.911441088 0.052528281
H -1.402637362 2.925878763 0.595745087
C 1.077775717 -0.471476197 1.290461063
H 0.817709446 -1.070660353 -2.114995718
C -1.084303260 1.389972568 -0.673471868
O -1.540788293 1.924258947 -1.666555405
N -0.970390737 2.023268700 0.517193258
H 0.488442659 -0.640590727 2.196717978
