20

H -1.408587694 -1.284776926 1.680334926
C -0.092571013 0.265499175 0.763936698
C 0.549309433 -1.391797185 -2.609478235
C 0.309820145 -0.247756571 -1.633859754
C 1.163324237 1.004708648 1.230150580
H -1.981151581 0.892882109 -0.267632097
H -0.452842355 -0.379561007 2.903228045
H 0.576244771 -0.997349799 -3.626669645
H 1.579507232 1.595892310 0.404234409
C -1.333246827 1.194703817 0.565046430
H -1.153630733 2.265907049 0.520089567
C -0.934740365 -0.324244082 1.919274092
H 1.931271672 0.301507175 1.576427579
N 0.193988025 -0.643851340 -0.329501927
H 1.506010056 -1.891561627 -2.400512457
O -1.862750649 0.772792816 1.838418007
H 0.527659476 -1.568022251 -0.076420099
H -0.242040306 -2.153176308 -2.545916319
H 0.912917614 1.677188993 2.067214727
O 0.211508974 0.911015272 -1.978364825
