15

H 2.465489388 1.844941258 -0.614660621
H -1.135355473 -2.071823120 0.366761118
N 0.071243443 1.575099349 -0.110081933
H 2.936400890 0.202502877 -0.397071421
C -0.810621381 -1.048892140 0.226263314
H -3.215220213 -1.086546063 0.638365686
C -1.202732444 1.322681785 0.163913786
O -3.013539076 -0.140861779 0.566920757
C 0.577541411 -0.833212495 -0.067042820
H -1.881152272 2.151246309 0.261393279
N 2.220822811 0.874376237 -0.586025238
N 1.398581743 -1.837129712 -0.147106528
C 0.920892358 0.587381005 -0.234992892
H 2.348885298 -1.540832758 -0.387781411
C -1.681235552 0.001069281 0.321144819
