19

H 1.831558585 0.137405410 1.671269774
H -1.260913372 -0.282006323 -0.775099814
H 0.484394401 -2.824943066 -0.889198542
H -0.674470663 -2.434796333 0.383177489
H -1.242771626 -2.752502680 -1.263109922
N -1.137705445 -0.368240982 2.666828394
H 1.691531777 1.897106647 -0.000516116
C 0.847979367 -0.099727526 -0.339692891
H -1.387533784 1.667227983 0.269906253
H -0.178006187 -0.683332205 -2.100058317
H -0.388973981 3.080618382 0.595409870
C -0.315215379 -0.801907718 -1.017678261
H 1.820832014 -0.439960212 -0.684018254
C -0.442399293 -2.288078547 -0.686958492
H -0.600624979 2.520689011 -1.060125351
C 0.886109948 0.233505845 1.157033443
C 0.777039468 1.337440372 0.108656436
C -0.237685502 -0.091596000 1.993666887
C -0.473145396 2.193098068 -0.029492462
