21

H -0.839978814 2.034189701 1.374530435
C 1.327528596 0.536231756 -1.114104271
C 0.173110068 1.653809905 1.445501447
C -0.999456406 -1.882640243 0.685670435
H -0.305315852 -2.519698858 1.237877250
C -0.269618720 -0.679873288 0.094649352
H -1.782266498 -1.542598486 1.362333059
C -1.119932890 0.336950213 -0.741260529
H -1.941540360 0.778079093 -0.162349030
H -1.550028682 -0.114560314 -1.639883399
H 1.285753489 -0.278988570 1.656979680
H -1.463669658 -2.486431360 -0.105309092
H 0.755443811 2.122861385 2.247758389
H 1.720315218 -1.526103139 -0.446121782
H 0.610400319 -1.405754685 -1.829430819
H -0.131272361 2.226339102 -1.628695130
C 0.893126488 1.286588430 0.154349640
C 0.501585901 0.223661497 1.092688441
C 0.934456885 -0.919310093 -0.895637810
H 2.178995371 0.853255033 -1.719794393
C 0.022364121 1.303993702 -1.069752455
