20

C -1.493104458 -0.531418204 1.087971687
H -1.392307997 0.075632937 -2.282072783
H 1.394950509 0.035794728 2.200947285
H -1.789994955 -1.429517388 1.643869638
H 3.195082188 -0.292511314 0.107767038
H 2.714967251 1.556240082 -1.462357759
C -0.063025631 -0.510627985 0.653453648
C 2.156048059 0.030989174 0.106446549
N 1.358970642 -0.125847399 -1.161844373
C -1.247739911 0.308153808 -1.218801856
C -2.243567705 -0.419696003 -0.280763716
C 0.034685224 -0.181265384 -0.621295750
H -1.726410031 0.327811539 1.748457193
H 1.204480171 2.002049923 -0.503398716
H -2.435553074 -1.430526137 -0.671170056
H -3.201600075 0.086507864 -0.195973992
C 1.319206238 -0.548742473 1.279000998
H 1.655611396 -1.570649505 1.507337689
H -1.344872355 1.401286721 -1.121859908
C 1.904173851 1.216335058 -0.815712690
