15

H 1.379725099 1.743883610 0.264225692
C -1.288935423 0.772544920 0.931764185
C -0.115218952 0.903593600 1.544565558
H -2.225912333 1.091922522 1.390307903
H 2.011978626 0.842595935 1.600358486
H -2.451138973 -1.148515344 -1.853614092
C -0.836446226 -0.641027331 -1.038074136
O -1.548092842 0.297247231 -0.305188686
C 0.654297650 -0.811380386 -0.838612676
N -1.435711503 -1.317990303 -1.899888992
H -0.119177431 1.101521850 2.611482859
H 2.115339994 -1.685359359 -1.524371386
N 1.475301981 -0.307448715 0.003440418
O 1.166228533 -1.673011303 -1.732841372
C 1.217762470 0.831423104 0.846446037
