21

H -1.770363927 -0.086622909 -1.908162117
H 1.749419689 0.846923411 0.392469168
H -1.667930126 -1.695726514 0.339316666
H 1.192442060 -2.268264294 1.344181776
C 0.354828894 -1.333813548 -0.568450868
H -0.946601152 2.085196733 1.155092120
H -0.715840101 -3.212752342 -0.017078569
C 0.129337609 2.133224249 0.942707002
N 0.323542476 -0.277018994 1.564215660
H 0.930764496 -0.179258525 2.372290373
H 1.021144390 -1.813559771 -1.278898239
C 0.660936117 0.762590587 0.552194595
C -0.701051533 -2.145332336 0.156819507
C 0.077781238 0.144602105 -0.713463604
C 0.470879316 -1.567322612 0.921112180
H 0.307328552 2.869152784 0.142092094
H 0.446259350 0.184478939 -2.717997074
N 0.245617867 0.859495699 -1.987310767
H 0.637242436 2.491368771 1.843564868
C -1.119309545 0.652171493 -1.438363314
H -1.626428008 1.550466776 -1.096331477
