20

H -0.214687347 -2.200654984 1.530754089
H -3.709818363 -1.068729043 -0.798922658
H -0.054291241 2.377099276 -0.981007338
H -3.479892015 0.482067794 -1.620113611
H 0.911436200 -1.595692039 2.763375998
C -3.022494316 -0.492335320 -1.434497714
C -1.715597868 -0.350856751 -0.821824908
H 1.495911956 3.173412561 -0.667149305
H 2.355350256 -1.079035282 0.626785219
C 0.829598367 -2.017831564 1.748966813
H 0.836846948 1.765066266 1.277185321
H 1.370569587 -2.959830761 1.729876280
H -2.955943584 -1.015797019 -2.392575502
C -0.615701199 -0.245675683 -0.332260519
H 1.416227221 1.762632847 -1.728815794
C 1.242546439 1.288513184 0.384492427
C 0.633902490 -0.071935073 0.248023495
N 1.349161506 -1.123828769 0.722440898
C 1.003413916 2.205466270 -0.822449744
H 2.323460579 1.167943835 0.567717552
