15

H -0.645309329 -0.672885895 3.284018517
N -0.354616851 1.395348310 -1.713707328
H -1.522754192 0.373393625 2.133987904
O -1.499807477 1.519980550 0.225257203
H 0.740479529 1.110003710 -3.418567896
N 0.235913664 -0.467740029 1.406775355
N 1.135732293 -0.723700106 -0.650839031
C 0.556653082 0.753206611 -2.406117439
H 1.992055774 -0.867644727 -2.525960445
C 1.285861015 -0.333642095 -1.906410098
H -1.609925866 -1.386999607 1.983085752
C 0.248213962 -0.104480185 0.107994981
C -0.960608006 -0.540721059 2.240642548
C -0.610677779 0.996048450 -0.431275934
H 1.008790016 -1.050167322 1.671115994
