21

C -0.866838396 0.461724102 -0.764101267
H 2.660655499 -1.089933991 -1.014591455
C -0.928438306 -1.085838199 -0.550819159
H -1.008539200 1.039391875 -1.655433774
N 0.021388223 0.875142157 1.217183471
C 0.464075565 0.281754822 0.028618513
H 1.577810764 -2.203385592 -1.859157681
H 1.903334260 1.805979490 0.635273278
C -1.813262701 -0.776913524 0.705473900
H 1.465594411 -0.454971939 -2.120939970
H -1.303355217 -1.794217229 -1.277070522
H 0.464377373 2.847495794 0.629003286
C 1.647430062 -1.234399438 -1.375204921
H -2.097687960 1.469879031 0.988153875
C 0.611715496 -1.142176509 -0.236543506
H -1.594821811 -1.301923394 1.645433307
H 0.857634306 -1.825155377 0.578032553
C -1.398653865 0.710444510 0.669031203
C 0.952547431 2.023146152 1.148625612
H 1.245184422 2.295823336 2.153609514
H -2.860151052 -0.901866496 0.455423325
