17

H -1.172747850 -1.004229188 2.066584349
C -1.469220638 -0.351960182 1.240479708
H -1.677844167 -2.000424147 0.016943958
H 0.070780821 -0.947342515 -2.172212839
C 0.912448883 -0.624370515 -0.108902864
H 0.279753536 1.164487004 1.799604774
C 1.195616245 0.910778105 0.115575783
H -0.585324943 1.709962606 -1.234987617
O 1.098643303 1.480539441 1.396300554
H 1.593642235 0.033935651 -2.178280354
C -0.041195888 0.866038978 -0.832498968
C 0.712036073 -0.260985345 -1.608103275
H 1.458476186 -1.470657825 0.309633702
N -1.806486607 -0.995470345 -0.061047800
H 2.117124081 1.283442378 -0.332409829
H -2.117145300 0.469737411 1.518917680
C -0.568555355 -0.263481677 0.064402565
