20

C -1.181626558 2.018507719 0.157511264
H -0.979073763 -1.436924934 -0.754312634
C 0.415819883 1.007791638 -1.132066250
C -0.707656503 1.160296082 1.288054585
C 0.125507131 0.127333835 1.133033395
H -0.142600268 -0.822970927 -2.759430885
H -1.079223156 1.420458436 2.269719124
H 0.159214914 -0.591788948 3.052676201
H 0.579720914 -1.684281468 1.841869473
H -2.267704725 2.093535900 0.152600989
H 1.291934371 -2.811275244 -0.994369566
C 0.702526271 -0.141724095 -0.249305546
H -0.791996479 3.035881758 0.222566947
C 0.098755755 -1.404717565 -0.909934402
O -0.823161960 1.484768748 -1.141088605
N 0.545152009 -0.730712175 2.137338638
O 0.654150903 -2.571428061 -0.304753840
H 1.782680035 -0.302909613 -0.171360955
O 0.411737591 -1.452056408 -2.282530069
H 1.205843925 1.602215409 -1.556218028
