19

C 0.480656296 1.692072868 -0.657269657
H 0.273133129 2.306924343 -1.532091260
H 1.106598258 -3.174507618 -0.116826624
C -0.652217269 0.670264065 -0.448956519
C -0.784691513 -0.285196453 -1.637950897
H -1.595615625 1.203225732 -0.293122083
N 0.822659433 -2.477617741 0.570481241
H -1.806140661 -0.680278718 -1.748513222
H 1.435979366 1.193544269 -0.818058133
H 0.574910343 2.361154556 0.191471621
H -0.484764576 0.148454592 -2.594271898
C 0.362201631 0.162394911 1.938801408
H -0.196531639 0.936387956 2.456534863
H 1.350416064 0.560147583 1.675460577
O 0.100526869 -1.385667324 -1.354742289
C 0.256954849 -1.507559299 -0.005449405
H 0.517321050 -0.674194872 2.625660896
H -1.371085405 -0.716134727 1.045409799
C -0.390310645 -0.333412975 0.703431308
