20

C -1.426548362 -1.020273566 -0.140692160
C 0.913113475 -1.094882846 0.197951838
H 0.262079298 0.391230583 1.563134074
H 2.797510147 -1.180742741 0.668815911
O 1.967086315 -1.506867051 1.040545106
C -1.001231551 0.243203714 -0.183639705
H -1.885627031 2.200321436 -0.080339231
C -0.352519095 -1.965714216 0.353165388
H 0.906311214 2.454332352 0.384341776
H 2.286279202 1.372158885 0.449155807
H -0.479009539 -2.216722488 1.414109468
C 1.285567164 1.490730166 0.031098301
H -0.300588667 -2.911839247 -0.190780014
H -2.419371605 -1.364329100 -0.421586573
C 0.379869640 0.334433615 0.467837423
H 1.371224523 1.539313555 -1.053843975
C -1.710973859 1.406789422 -0.808461368
H -1.133074164 1.873029828 -1.618244767
H -2.671519756 1.100812554 -1.215649486
H 1.211422801 -1.144984722 -0.856917739
