19

C 0.197456300 -1.149996161 0.958556354
C -0.693025351 0.630540371 0.066742688
N 0.725240529 -1.287588358 -0.430054098
H 2.253939152 1.370105147 -0.525077105
H -0.841294765 1.477609158 0.749251425
H -0.623297751 1.919951677 -1.688899517
H 2.841696024 0.187030271 0.660978794
H -0.836209714 0.191301256 -2.055139065
C 0.731721818 0.050604198 0.243857190
H -1.780665755 -0.479163468 1.701162338
C -1.260233998 -0.677449524 0.762355626
C 1.993857145 0.837003589 0.398475051
H -1.520776749 -1.882994294 -0.689604878
C -1.111391306 0.990465462 -1.361229062
H 1.674644470 -1.666711450 -0.350045830
O -2.085640430 -1.502922177 -0.009255038
H 1.902181625 1.585753202 1.198965192
H -2.200616121 1.130810022 -1.406139851
H 0.632414579 -1.724348307 1.775099993
