27

H -0.277127832 -1.339879751 -2.074573755
N -1.784526229 -0.689160764 -0.840426743
H 2.186239958 1.097095013 -1.721312046
H 0.710934222 -2.968430042 -0.565700531
H -1.921719313 0.214991808 -1.254160523
H -0.656175315 -0.099170640 1.696067452
H 1.528429508 -1.027817845 1.053592443
H -0.312917709 -2.441729307 0.767557621
H 0.650015414 0.869080663 -2.568656445
H -1.537518501 1.807080030 3.085065842
H -0.882288396 2.957114935 1.919736385
C 1.391449571 0.374382734 -1.931930304
C -0.236573488 0.911010742 1.578675508
C -0.390106887 -1.140112758 -0.999733150
H 1.031085014 1.868516207 0.148640677
H -1.054387450 -3.158128977 -0.670722902
C -0.249713600 -2.501770735 -0.321298659
H -2.192374706 1.870862484 1.450691581
H -0.571210921 1.590323448 -0.460343242
C 0.747718930 -0.114179179 -0.625793934
C -1.276409268 1.933796763 2.035864830
C 0.220124289 1.127683878 0.132775947
H -2.049263000 -0.617403209 0.131016865
N 1.826756120 -0.792645693 0.120623223
H 0.638043761 0.933573484 2.249773264
H 2.640991688 -0.215106145 0.145257965
H 1.820524454 -0.449976921 -2.480687141
