19

H 0.085441805 0.135672614 2.039395809
C -0.564772785 0.647212505 0.151988596
H 1.501445532 -0.847269475 -1.343822002
H -1.763321757 0.821737766 -1.675499797
H -2.375096321 -0.357355297 -0.516785741
O 0.169880196 -2.353134871 0.094028555
H -0.941580594 -0.749897540 -1.489904642
N -1.776616931 2.701409578 1.248482108
C -1.256804943 1.789252281 0.762586534
C 0.797383845 -1.216222644 0.657433331
C 0.839317977 1.008128643 -0.389499396
H 2.623589516 -0.242455095 -0.118413061
H 1.448919296 -1.592373371 1.463187099
N -0.250462234 -0.345037192 1.212780237
H 1.323196173 1.721867681 0.295951128
C -1.469722390 0.047354050 -0.957727611
H 0.803746700 1.473587155 -1.381169200
C 1.568221569 -0.360816896 -0.375148147
H -0.762764990 -2.281659842 0.322136402
