15

C -0.351342231 1.041625142 1.404348969
H 0.734574914 0.893531859 -2.736913204
C -0.599808395 -1.016553164 -1.025265098
N 0.405213088 1.051933527 0.164970055
O -0.040848486 -1.043483734 -2.362670422
C 0.866279781 0.031348482 -2.076382637
O -0.597469211 -0.385881871 3.311611414
H -1.438194871 0.988892853 1.241804957
H 1.013957739 -0.550835252 2.095852613
C 0.046527945 -0.068221867 2.349566936
H -0.155823112 1.975697041 1.933438301
H -1.691265583 -0.878413200 -1.016271830
C 0.253021836 0.189187855 -0.712892473
H -0.360076964 -1.934846282 -0.467759490
H 1.915253758 -0.293981224 -2.103438854
