17

C 1.620408654 -0.105871424 0.152272508
H -0.499457896 -2.230887651 1.064199209
C -1.886384010 -0.541196406 1.291783929
O -1.961043119 0.099128529 -0.000477603
H -2.704374552 -1.261795163 1.362220168
H 2.378593683 -0.509805202 0.811978996
C -0.469486356 -1.182735085 1.380086064
H -0.078674272 -1.148930192 2.392095566
H -1.090269327 1.383826852 -2.212411880
C -0.324570119 0.991685987 -1.561337471
H 3.051038027 0.804514110 -1.168570876
H -2.011890650 0.212610617 2.058606148
C -0.676712811 0.286402106 -0.426833659
C 2.002854347 0.644422412 -0.976503611
H 1.334561348 1.709852219 -2.719477177
C 1.038264036 1.166729331 -1.831109166
C 0.277143031 -0.317950964 0.383479238
