20

H 1.122824430 0.400240391 -2.622542858
H -1.512217641 1.753759265 -0.245141864
H 0.696285665 0.756181538 1.646453857
H 2.093376875 -1.554903150 -0.120307095
H -0.438907921 -1.775640965 2.167702436
C -0.812156677 -1.753786325 1.145604253
C 0.093349256 -0.869464993 -1.200466275
C 1.295778990 -0.841358900 -0.284686357
H -1.663387656 1.559794307 1.504488230
C 0.453980356 0.496992290 -1.775854468
H -0.690990269 -2.762414694 0.727056623
C -0.076178379 -0.729774535 0.311242998
H -0.560362279 2.770865917 0.841203094
H -0.308083266 -1.727372408 -1.722095847
C -0.957807004 1.752720714 0.687451601
H -0.344666123 1.202848315 -2.034462690
C 0.175422907 0.730417848 0.686272085
H -1.889221907 -1.540813088 1.174553990
C 1.240288734 0.719242454 -0.456747651
H 2.082672119 1.412466168 -0.429723650
