18

C 1.100087404 -1.573893309 0.432851404
C -0.384988755 -1.381856799 0.267277151
N 1.263557673 1.150964618 -0.550637186
H 1.819097400 2.003358126 -0.535205305
H -1.647741437 -1.400262356 -1.337640405
H -2.182524443 0.807406425 -0.476075679
C 0.600159347 0.966781855 0.757975101
N -0.887436152 -0.838780999 -0.967476606
C 0.388818264 -0.462966084 1.189822912
H 1.728041172 -1.257883668 -0.391739875
H -0.426160961 2.536642075 -0.466349900
C -1.243394971 0.584395826 -1.011937857
H 0.808383763 1.667887568 1.565025806
C -0.163873956 1.471399307 -0.415283680
H 0.230754569 -0.598421276 2.251902342
H 1.445293903 -2.440262556 0.992304564
H -1.043971896 -2.109592438 0.751681387
H -1.404101372 0.875083983 -2.056493759
