21

C 0.151683643 -0.325536132 -0.955510616
H 1.348483086 1.485893726 -1.576786160
H -0.888629973 -1.418605924 -2.495662928
H 0.898315132 -0.988118947 2.460386276
C 0.767441928 -0.164675817 0.445849121
H -1.712947249 1.162823558 -1.065167665
C 0.515464306 -1.267295361 1.473750710
H -0.552262187 -1.471444368 1.573187590
C -0.116455540 1.088048935 0.620587587
H -0.455704421 1.228901148 2.811666489
C -0.709366441 1.643126965 1.841480017
C -0.309376657 -1.603256345 -1.588252664
H 1.838500381 0.074835740 0.429593176
H -1.667677045 2.147375107 1.787977695
H 1.015281558 -2.190372944 1.175358057
O 0.369993269 2.314815044 1.157020569
H -0.940872729 -2.192738533 -0.904003680
H 0.150994048 0.866707623 -2.798726320
C -0.693544149 0.952127755 -0.763075471
H 0.540398538 -2.248388767 -1.867210150
C 0.450280398 0.905777633 -1.762461543
