18

C -0.248975739 0.287980288 -1.403597832
H -0.293395251 1.555398703 1.737401605
H 1.950626373 -0.398684740 0.811976850
H -1.783975959 -0.512910068 1.166162014
C 0.516075194 -1.041436553 -1.445784092
H 0.017212603 -1.840373993 -1.962830782
N 1.143124819 1.499046445 0.055211052
C 0.025880054 1.553653717 -0.758443654
C -1.236968279 -1.237054944 0.552230716
C 1.027749419 0.125848204 0.632068694
H 1.586924314 -1.018483520 -1.564378500
H -1.935904741 -1.648834825 -0.187498763
H -0.931024492 -2.062527180 1.199217081
H -0.826946676 2.083820820 -0.334086061
C 0.730754137 1.334059358 1.462299943
C -0.053912938 -0.599713385 -0.136437401
H -1.151847601 0.263232321 -2.013641119
H 1.464604855 1.656979680 2.190130472
