17

H -0.581073761 -2.922706127 0.875342906
C -0.200778097 -0.567964852 -0.114393406
H -0.501376271 -2.328578234 2.557178497
C -0.557789087 2.468044043 -2.040162563
H -0.681315720 -1.222787738 -0.804390609
C 1.090694904 -0.091983408 1.915640473
H 1.207913637 0.941336215 1.528875828
C 0.016764874 -2.356775284 1.593555093
O 1.583873630 -0.439718306 2.960851192
H -1.389748216 2.826983213 -1.427881479
O -0.111148410 0.727655709 -0.515018046
H 0.346774936 3.010509491 -1.730526447
O -0.348355234 0.151961297 -2.694512606
H 0.960717440 -2.887457371 1.757844210
C 0.278702319 -0.974857926 1.082649946
C -0.355174094 0.989555299 -1.852758884
H -0.758682787 2.676783323 -3.092293739
