17

C -0.618459821 -1.371190667 -1.283806443
O 1.344565392 -0.839614272 1.628065109
H 1.562637091 -1.555255771 -1.240286112
O 0.989016771 2.255567312 1.409319282
C -0.251268357 1.630771160 1.140924215
H -0.700065315 1.209001064 2.043779135
H -1.428807378 -1.993577123 -0.891960025
C 0.713125408 -1.693392754 -0.562558830
H 0.868129194 2.878718615 2.119914770
H -0.568559825 -1.533865929 -2.359879732
C 0.003585835 0.527783930 0.160307676
H -1.873046637 0.523329973 -1.104390979
H -0.968831301 2.336748362 0.689553022
C 0.820167720 -0.675966442 0.561476350
O 0.228762522 0.921920955 -1.214120150
C -0.894110382 0.075016007 -0.936777532
H 0.773158789 -2.695994139 -0.159559056
