15

N 0.153568119 1.169395328 -2.236557722
C 1.723253369 0.828682959 -0.597426057
N -1.555667520 0.037746217 -0.816960156
N -2.291440248 -0.702074766 1.282451987
H 3.277339220 1.801468134 -0.191468835
C -0.311778992 0.413130283 -1.269921303
C -1.352471232 -0.527502000 0.338077635
H -2.122307539 -1.352754831 2.033082485
H -3.246842146 -0.572579741 1.006683350
H 0.481937855 -0.662772000 1.578704357
C 0.104707837 -0.897140622 0.584269941
H 0.292739928 -1.958557606 0.375129372
N 0.675526857 -0.031428929 -0.429073960
N 2.692431688 1.057274818 0.187402651
O 1.479003191 1.397112489 -1.844393730
