16

H 1.036070228 -2.008239031 -0.763436496
C -1.140566587 0.336504757 0.371123791
N -0.809099376 0.840679288 -0.958636343
C 0.371073753 -1.173246026 -0.602447629
C 0.306842923 -1.156591535 1.898996592
O 0.975773394 0.743323624 -2.044615030
C 0.607265890 -1.431445360 3.022941113
H -2.165657282 -0.072627053 0.391768873
H 1.031779408 1.732732654 -0.192005798
C -0.104568392 -0.754297912 0.591390133
C -0.044481810 -0.202640176 -1.677070379
H 0.879285932 -1.680599213 4.024233818
H -1.070656657 1.146129847 1.125258803
H 0.222634181 2.662472486 -1.519184351
C 0.409173787 1.664670229 -1.102045894
H -0.504869640 -0.646826208 -2.566271305
