20

H 0.413526803 3.062278032 -1.433167934
C -0.684006095 1.440895915 0.638608158
H -0.748687506 -3.302956820 -0.669588745
H -0.496212393 2.498256683 0.780510962
H 0.024359588 -3.572268963 0.909736395
H -0.017503183 -0.950629294 -1.686584830
H 0.987755477 0.936040580 2.081887960
C -0.266454935 -1.518325210 0.384823203
C 0.014632860 -0.678439558 -0.642201602
O 1.419463515 1.381154299 -0.752599299
C -0.691015482 -2.943866014 0.366727203
H -0.297260761 -1.231798649 2.497494459
H -1.668292642 -3.082648277 0.831906080
H 1.868266702 2.569023609 -2.334200144
N -0.124023654 -0.837063134 1.594670534
H -1.717128754 1.160012245 0.513799071
C 0.982954383 2.203535557 -1.814298034
H 0.347840607 1.672115445 -2.536715269
C 0.391065240 0.672311306 -0.119240850
C 0.260720372 0.522372186 1.388432980
