21

H 1.558350801 -0.364211619 -0.031271525
H 0.799437940 3.018322229 1.347845435
H 0.915154159 0.630052626 1.971236944
C 1.634808540 -1.765906096 -2.215612650
H -0.500609756 2.708226919 0.188534573
C -1.716080189 0.134427428 -0.238162965
H -2.470918655 0.470488966 0.476579934
C -0.421374023 -0.183627084 0.517864048
N 0.634921849 -0.493023902 -0.420024753
H -0.394757420 -1.613274813 -1.860714912
C 0.053302165 0.982647121 1.411900759
H -1.552363157 0.912540555 -0.989550292
C 0.386148721 2.280172110 0.660974562
H -0.745410919 1.156316400 2.144833565
O -0.735448360 -1.268316031 1.372116566
H 1.121612430 2.102840424 -0.121789269
H 0.469311029 -2.601258278 -0.690063000
C 0.530839920 -1.674228549 -1.266022563
N 2.501780987 -1.841283917 -2.963328123
H 0.033309333 -1.831349373 1.430760026
H -2.102015257 -0.759555459 -0.726106048
