18

H -0.021512620 -2.495698214 0.481235147
H -1.479127288 3.037561655 0.017585721
H 1.463305950 -0.007196604 -1.618803501
C -1.376645207 1.181638718 -0.493018717
C 0.417012364 -0.512515664 0.201769695
H 1.320520401 -0.638394237 2.251056194
H 2.084910393 -1.718209743 0.993152797
C 1.229475975 -1.110556841 1.285273075
H 0.509821951 1.607537270 0.457210124
O -2.109782696 2.320353985 -0.079697609
H 1.343971491 -1.727551222 -1.314092159
C -0.249287292 0.827239156 0.479607880
H -0.066056974 -0.850577354 -1.878909707
H -0.665471196 0.802259982 1.488025069
H -0.979948580 1.321849704 -1.501878977
H -2.109339476 0.363777548 -0.533917546
C 0.811502039 -0.775161266 -1.231902361
N -0.123348907 -1.626356244 0.997304201
