20

H 0.798454344 -1.133946776 -2.730634451
H 0.893557250 1.233756304 -1.851939201
H 0.854416907 -1.807521820 -1.102880716
C -0.651435673 -0.230697557 -1.360844135
C 0.484415472 -0.201896578 1.228706598
C -0.857056797 -0.803414583 0.871145189
H -0.450303376 0.870635271 2.701831102
H -1.327965498 -1.399981141 1.656478882
H -0.488865405 -2.234812737 -2.181598425
C 0.176926568 -1.427307606 -1.878071666
H -0.853022456 1.931019306 0.595444500
N 1.003081203 0.794858754 0.262752533
C 0.279439390 0.925649285 -1.010434985
N -1.480726957 -0.611298382 -0.220421791
H 1.246351719 -0.992180645 1.264031172
N 0.454879761 0.420851976 2.556479216
H 0.582376957 2.916847706 0.010460353
C 0.103745602 1.936504722 0.068760745
H 0.556811452 -0.278568923 3.271698475
H -1.325080276 0.091502920 -2.150963545
