15

N -0.835469484 -2.823956490 0.065985359
H -1.936719298 -0.220515370 0.336484343
C -0.076579571 0.938101947 0.527296185
H 2.175103903 0.053893205 0.535132587
H 1.471939802 -1.446140766 -1.501080513
H -2.086190939 1.298247218 1.243336201
C 0.827715874 0.584973872 -1.270610452
O -0.246041715 1.399216890 -0.842131734
H 1.433944345 0.939516664 -2.095782995
H -1.298605680 -0.100131191 1.988254905
C 0.728777707 -0.941772163 -0.899179339
C -1.430970192 0.441556305 1.046059728
H 0.277839065 1.761856556 1.150574088
C 1.189840436 0.086764358 0.085259944
C -0.194584504 -1.971610904 -0.369598538
