18

H -0.447065204 -1.714336276 1.921697736
H 0.492294759 -0.484947503 -2.110864639
O -2.417702436 -0.412443161 -0.696241319
C -0.232647419 2.016413450 -0.653988600
H -0.325203478 -2.557639122 -0.595038176
C 0.266552776 -1.317671061 1.195485353
H 1.334987044 0.622561038 1.430233240
H 0.717883050 2.547183752 -0.544453025
C -0.188425004 -1.541909218 -0.253625184
C 0.331941575 0.254571736 1.213865757
H 1.770651102 -0.555203021 -0.844711244
C 0.699553430 -0.507892549 -1.032210708
H 1.238920689 -1.776117086 1.395165563
H -0.346671343 0.686845183 1.961383462
C -0.112932183 0.570538640 -0.226646021
H -0.544317484 2.089594603 -1.705196381
H -0.985970497 2.526766300 -0.053195670
C -1.251849651 -0.446316272 -0.401659966
