20

C -2.818355083 -1.537819266 -1.126163363
H -3.093766689 -2.532058477 -1.498391271
H 2.303313494 0.557072222 -1.136408925
H 2.482680082 2.538017750 0.479288459
C -1.035545945 -0.443207026 -0.069217868
H -1.070365548 0.352498114 -0.829601467
O -1.519170403 -1.654597521 -0.591065407
C 1.711114407 0.804003000 1.820825696
H -2.843493462 -0.822266281 -1.961137056
C 0.398404568 -0.693007231 0.411698610
H -1.662428737 -0.105539903 0.775035024
H 0.704505444 1.302455306 -1.256094813
O 2.485582829 1.718387723 2.070425987
C 1.584974766 1.204910040 -0.605032206
N 1.166229248 0.527423799 0.608707964
H 1.393715978 0.104055487 2.624350548
O 2.096205950 2.477563620 -0.397590250
H 0.360803932 -1.249138355 1.362246156
H 0.897517145 -1.339642525 -0.312040150
H -3.541922569 -1.209111452 -0.369835705
