19

C -0.891530991 -0.596122265 -1.383737564
H -1.118412495 2.126770973 -1.150272012
C 1.067755818 -2.123354912 1.123034477
H 0.619269490 -2.609337807 1.987745643
H 2.154874086 -2.147636414 1.203372240
O -0.938763678 -1.807313681 -1.428804874
H -0.802507699 2.242847204 0.577447712
C -0.558503628 1.673408508 -0.324732214
C -1.126741409 0.243377969 -0.133798599
H 0.729197383 -2.602693558 0.214804888
O 0.715967774 -0.726504266 1.092988849
C 0.944527268 1.780853033 -0.619026721
O -1.292771935 -0.718335867 2.070354223
C -0.606298387 -0.462724984 1.119449377
H 1.203603387 2.819810390 -0.824280560
H -2.210716724 0.299486667 0.022540476
H 1.547637463 1.448259234 0.244828805
H 1.250569105 1.175963044 -1.476605773
H -0.687154830 -0.016752683 -2.315307856
