21

H 1.466189623 -0.205041647 -1.038415670
N -0.144198939 -0.416564196 1.568006396
H 1.402641177 -2.561917305 -1.958887696
C 0.623067260 -0.895082355 -0.853372216
H 1.920758009 -2.493486404 -0.266174406
H -2.028118610 1.902488589 -1.471423268
C -1.252228379 0.047749192 -0.661145210
H 1.981689811 -0.292663127 1.706636071
H 0.264408618 2.354362726 -0.054985516
C -1.346580863 1.588759661 -0.664440989
H -2.707262993 1.776921153 0.702790320
C 1.072528243 -2.322907209 -0.946605384
H 0.275871068 -3.007464886 -0.664714515
O -0.458371490 -0.523732662 -1.733259797
H 1.073990107 0.176341221 3.161960363
O -1.790179729 2.045939445 0.589185834
O -0.091022365 2.154193640 -0.939009130
H -2.255386114 -0.383560270 -0.648093939
C 1.077845573 0.229136348 2.075141191
C -0.249070674 -0.456900775 0.318997592
H 1.163431287 1.283429146 1.777810454
