17

C -1.531669974 -0.433897972 -0.452797115
N -1.352931380 -1.895132542 -0.243162200
C 0.264584363 0.933744848 0.883538067
H -2.156277418 -0.026486259 0.352608204
C 0.803505182 -0.156950146 -1.322214603
H -1.160744786 -2.367156267 -1.133165717
N 1.443537354 -0.146414608 -2.288989782
H 2.204810143 1.677584529 0.334604830
H 0.884976566 2.459788084 -0.522118211
H -0.262140095 -1.596274257 1.557253122
H -1.877336740 -0.085152358 -1.424103022
H 1.163781047 2.842920303 1.222161174
H 0.760067940 -2.309678078 0.260716826
C -0.082046062 -1.647380829 0.483253628
C 1.179266691 2.060238600 0.453349143
C -0.008941706 -0.201286033 -0.123145357
O -0.272440612 0.891532898 1.962210774
