17

H -0.708425939 -1.677735806 -0.584370017
N -3.426872730 -1.489485383 1.184395432
H -1.772238493 1.075508595 1.939296842
H -2.416279554 1.352382421 0.329280347
H 2.893837214 -1.190967679 -1.709041953
C -0.547174692 0.291612327 0.366603047
N 1.692973256 0.527208090 -0.213141590
H 0.412800103 2.218165636 0.052214019
H 2.438196659 1.049025536 -0.639692426
N 1.966164947 -1.514151454 -1.456095576
C 0.624862373 1.237968445 0.492162049
H 0.892254293 1.412930012 1.546531439
C -0.133687869 -0.789215505 -0.350996882
H 1.496857643 -1.929487944 -2.242566109
C -1.874797940 0.610250950 0.944857359
C -2.741359711 -0.567491651 1.081206679
C 1.202889800 -0.616516173 -0.740643024
