19

H -2.124624014 0.455624998 -1.876370549
H 0.826320648 1.335771680 -1.081647873
H 1.120780468 -1.196211576 -1.352391005
C 0.443200171 -0.095508970 2.752962589
N 0.272744685 0.336440235 1.370073080
H 1.356661916 0.327425897 3.191476345
C -1.276268363 1.146148324 -1.873074412
H 0.191735446 1.701744795 -3.219938278
C 0.062166113 0.650243580 -1.464744687
H -0.407063007 0.199857935 3.395747662
C 0.289896309 -0.749262333 0.564160287
N 0.532322049 -1.541213036 2.678998947
C 0.214849010 -0.742198288 -0.924319506
H -1.536519289 2.173349857 -1.650110483
N -0.255408734 0.844512820 -2.882176638
C 0.449968606 -1.856145144 1.414354920
H 0.487795740 -2.880683422 1.066082954
H -0.032224663 1.270016909 1.155526161
H -0.616333187 -1.379914641 -1.264609456
