17

H -3.159803867 -2.181073189 1.701017737
H 1.600215316 0.580413640 0.755725980
N -0.826458633 0.065707073 -2.977006912
C -0.934417188 -0.235216513 0.451726198
H 3.285264015 1.124800205 -1.017079234
H -2.662420988 -1.107218504 3.013397932
C -0.143567130 0.565557539 -0.486513644
H -1.675871849 -2.511085510 2.605689049
H -0.369148552 1.630442858 -0.327638030
H 2.031628609 1.086943865 -2.258268833
C -2.297454834 -1.714632034 2.184852123
C 1.385096192 0.380590767 -0.299516797
C -1.548283339 -0.906966150 1.234586358
H 2.005778313 2.337785721 -1.019641638
C 2.225495100 1.283421278 -1.202935219
H 1.622524500 -0.672243714 -0.479179472
C -0.538575470 0.272772640 -1.879215956
