17

H 0.939593196 -1.582839131 -1.570711374
C -0.189537689 0.597933888 0.818221688
C -0.607692719 -0.606622159 1.677085996
C -0.542503655 -0.341307640 -0.358760566
H 1.796892762 0.922110617 1.690315604
C 1.806049943 -0.159047037 -0.213618204
C -1.588541389 0.004095924 -1.377730131
O -0.599762917 -0.891025424 2.833383322
C 0.818711638 -0.792890489 -0.840896964
H -2.522154093 0.291977018 -0.888869226
H -0.851737976 1.443985581 0.986060619
O -1.049797177 -1.344612718 0.630518854
H -1.249702215 0.828339338 -2.011008978
H -1.801103950 -0.851596534 -2.027106524
C 1.304466367 0.930420935 0.713563621
H 2.863821030 -0.374918818 -0.336519867
H 1.472998857 1.925996304 0.276071817
