13

C 0.907982528 1.804048061 0.427411348
O -1.387309551 1.236187935 -1.619191170
H -1.356955767 -3.192895412 -0.505813062
H 1.088850737 -1.066527843 1.372858286
O -0.633125842 -2.914742947 0.059619945
O -1.214181185 -0.949637055 -0.944726169
H 1.386901855 2.222702980 -0.464396477
C 0.411188424 -0.742872119 0.598698616
C -0.826134562 0.460298628 -0.910398841
H 0.197080776 2.558319092 0.777806461
H 1.670708179 1.652888060 1.190827727
C 0.224133968 0.529113293 0.089894325
C -0.469139814 -1.596882463 -0.072590932
