19

H -2.212841272 -0.469154418 -1.516484380
H 0.313162088 -1.260978699 -1.504335046
O 1.902087092 -1.512696743 -0.121126443
C -2.082890034 0.000124987 -0.527970254
H 0.968001008 -0.551323831 2.070396423
C -0.111136883 -0.061581761 0.273153722
H 2.632892609 0.494736105 -0.348769635
H 1.319497228 1.065845847 1.451072335
C 0.823826432 -0.771744430 -0.674116254
H -1.157866359 1.897898197 0.160793215
C -0.936193883 1.039124846 -0.477053463
N -1.346470237 -0.915029049 0.382355660
H 2.679815292 -0.541998327 -1.857409716
H -0.532083333 1.397132277 -1.422945738
H -3.059513569 0.339108735 -0.181897476
C 2.206817389 -0.349857390 -0.901669025
H -0.225648284 0.755483031 2.272238731
C 0.523190081 0.314961404 1.593538046
H -1.704645634 -0.870050967 1.330229759
