23

H -1.221599698 -2.085417747 -0.623493850
H -0.298345506 1.001665950 -2.787338495
H 1.657938838 1.811799407 0.834356725
H 2.944973707 0.614089608 0.841169417
C -1.447552204 0.707207084 0.579742968
C -0.985287547 1.353008032 -0.747123718
H -1.821975946 1.527527094 1.199499488
H 0.184324533 -2.212832212 1.435037374
H -2.310755253 0.071199030 0.373698443
H 1.498616934 -0.497121066 2.263306141
H 0.498002380 -1.182248831 -2.649597645
C 1.902932763 0.777618825 0.575899243
C 0.156010166 -1.335533619 0.806597352
H -0.841176867 -0.224994034 2.445394516
H 0.418733597 -2.637322903 -0.855157018
H -0.284673989 2.155616999 -0.540094376
C -0.476174623 -0.123601176 1.428649783
C -0.175549060 -1.744884253 -0.631982386
H 1.823309541 0.684506357 -0.500720263
H -1.866519928 1.844528675 -1.170965552
C 0.009451405 -0.777232468 -1.761413693
C -0.391459554 0.487828970 -1.830710411
C 1.026776552 -0.215408221 1.315246224
