21

C -1.193216324 -0.975604415 -1.541091800
H 0.704749823 0.069443107 -1.458385348
H 1.807562590 -1.349891067 0.147500008
C -0.331171602 0.322612286 0.517176032
H -0.886207521 -1.514306068 1.598062754
C 0.003816718 -0.936181664 1.346247554
H -0.751623392 2.858113527 0.276041716
O 1.146212816 3.585429907 0.599591136
H -1.718641520 -0.149175987 -2.031872511
H -0.891685605 -1.695876002 -2.312737465
C 0.014973758 -0.468364835 -0.784084141
O 0.444891363 -2.860023022 -0.254318386
H 0.912287414 -3.433576345 0.343935609
H -1.901545405 -1.485696554 -0.880972445
O 0.575023174 1.354886055 0.818728268
C 0.728092432 -1.525630236 0.102266148
H 1.353961110 3.264682055 1.492064357
H 0.461633295 2.440220833 -0.939853907
C 0.298371851 2.556096315 0.139395595
H 0.589896500 -0.745617270 2.239550352
H -1.367382050 0.688459933 0.582756162
