16

H 0.397168756 -2.061301470 -1.507816315
C -1.037048578 -0.750070214 -0.257236511
C -0.216867983 1.663840890 -0.149118677
N 0.139065266 2.678178787 0.512229443
H -0.363429815 2.729453802 1.381100893
C 0.103607714 -1.317996383 0.595869005
O 0.804430544 -0.028066995 -1.458032727
H -0.339225531 1.512990594 -2.342423916
O 2.203122616 -0.658242702 1.480068803
C -0.122791611 1.032785535 -1.402953982
H 0.487860650 -0.092154443 2.370283604
H -0.105664313 -2.342876196 0.893068016
N -1.189828873 0.709250569 -0.413329154
C 0.987321377 -0.627862573 1.548406959
C 0.226856381 -1.167037249 -0.913494051
H -1.974576473 -1.280892611 -0.336621314
