15

C 0.850575686 0.770285785 -0.442045599
H 1.527991056 1.064318180 -1.248794317
C -1.250355959 0.094710611 1.441217303
O -0.690342903 -0.453736216 -2.890434265
N -0.589569867 0.998157561 -0.836563528
O 0.840356708 -1.893032432 -0.129623249
C 0.286509454 -0.698067248 -0.472614348
H -0.367798924 0.374274701 2.004890680
H 1.263283610 -2.266410828 -0.918647826
N -1.017335415 -0.150976822 0.016312324
H -1.669807911 -0.836699486 1.851492524
C -0.383394957 -0.183459342 -1.788723469
H -2.001560450 0.878452778 1.551157117
H 1.994067073 0.925402820 1.107303739
O 1.207382560 1.376779795 0.755072892
