17

C -0.259988099 1.235795021 -0.085274391
H 0.677172422 -1.910077095 0.793032765
O 2.478397369 -0.453733683 -0.697570860
O -0.580662608 1.400630713 -1.449196219
C -1.949149728 -0.773013115 -0.014481135
O -0.260464042 -0.262945294 1.814471245
C 0.575335085 -0.835298777 0.794802427
H 0.278957367 1.364020586 -1.868183851
C 1.744387150 0.025175877 0.396804035
H 1.885892868 -0.387766272 -1.464399576
C -0.671518445 -0.132825285 0.440492243
H -2.042454004 -1.778639436 0.383538604
H -1.980749011 -0.810040712 -1.109455228
O 1.168124199 1.303621173 0.083439976
H 2.473764658 0.158339009 1.194460630
H -2.813718796 -0.189347118 0.315303266
H -0.723326623 2.046104193 0.472215742
