19

H 1.566114068 -2.128040075 -1.092273593
C 0.994167030 0.005566987 -1.407385945
C -0.167332783 -1.111345053 -0.133312389
H 0.973200023 2.047206163 -0.266575485
C -0.192479059 0.287226319 0.540012479
H -1.244230270 -0.066319905 -1.858863235
O -1.209658861 2.375460863 1.447506785
H -0.631445706 2.438687086 2.204385281
C 0.675631762 1.034238458 -0.358760208
H -0.537576497 -0.612774432 2.395443916
N -0.222108811 0.280452073 2.040081978
C -0.396978408 -0.713480175 -1.612784982
H -0.731016099 -1.909659982 0.362487733
H 2.104202986 -1.064712048 0.258155704
H -0.353000462 -1.566182971 -2.296823978
C -1.280333042 0.997286856 1.301450729
H 1.594014764 0.306609243 -2.271654606
C 1.352744222 -1.234881401 -0.511386096
H -2.293915272 0.634661734 1.260296226
