18

H 1.709952474 -0.573292673 0.776581705
H 0.017432040 0.644183695 -2.150948524
H -0.277768999 -2.803764343 0.435440123
H 1.242151737 -1.379557729 -0.708351851
C 1.394900680 1.838995695 -1.011947036
O -0.918773174 2.197617292 -1.183142304
H -2.051396608 0.684410989 0.903099418
C -1.219061732 0.014378252 0.739968300
N -1.160843968 -1.166263223 1.447633505
H 1.331591249 2.851714373 -0.577983022
C -0.150048867 0.175868213 -0.071704015
H -1.797978997 1.807663679 -1.135931492
O 2.428870916 1.323346257 -1.312925100
C 0.023484668 1.161672354 -1.182678103
H -1.974209547 -1.591509819 1.862235546
C 0.841433048 -0.937224567 0.214826852
C 0.010459973 -1.938736796 1.038895369
H 0.549805522 -2.309501648 1.916930676
