14

H -1.796694756 -0.870072782 1.097281694
O 2.050989628 0.520561039 -0.417951852
H -1.737211227 -1.193178415 -0.634332418
H 3.052292347 -0.817987680 0.809572935
N -1.454090953 0.833423197 -0.110609390
C -0.194011748 1.016821384 -0.115494646
H 0.190135732 2.034815550 -0.208534241
O -3.461276770 -0.337186158 0.046722222
O 0.724886537 -1.187010407 0.233986676
O 4.242762089 0.041333735 -0.610741317
H -3.617137194 0.589599490 -0.089232266
C 3.213742495 -0.152585119 -0.053690195
C -2.066239834 -0.461272687 0.111259483
C 0.851853848 -0.017261041 -0.058236659
