21

H 3.057624102 -0.103132054 0.212747574
C -1.031099558 -1.146869659 -0.446246088
O -1.928279042 -1.539889574 -1.475499034
H -0.595416665 1.438604832 -0.994948924
C 1.014424086 0.447377324 -0.196536601
C -1.692673922 -0.219947100 0.587801814
H -2.152700186 0.639714062 0.074498288
H 0.762461543 -1.145712256 -1.736770153
C -0.706566632 0.248487025 1.669697285
N 0.204649016 0.918123424 -1.372847319
H -2.123205423 -0.745112836 -1.990448952
H 2.753887415 0.452037841 -1.458087325
H -1.171149135 1.066085219 2.247312784
H 1.325475931 0.665621877 1.819651484
H 2.818808317 1.630301952 -0.134225860
C 2.498651028 0.610280275 -0.402982414
H -2.525808573 -0.747392416 1.059358478
N 0.565788686 0.713432252 1.135209680
H -0.745552123 -2.095996618 0.044152088
H -0.558025718 -0.577622235 2.379625320
C 0.228706092 -0.508390784 -1.021461964
