18

H 0.915780246 2.547370434 3.317596197
C 0.773056149 1.468372226 1.563412070
C -0.831494093 0.218082368 -1.608152628
H 1.080951214 -2.179469347 -1.802961826
C 0.242947042 -2.406222820 -1.130137563
H 0.420056999 -3.367515802 -0.657671690
H 1.149899125 0.246130630 -0.713935316
H -0.649355650 1.782567382 2.980101585
O 1.908894181 1.596717358 1.133700490
O 0.158421069 -1.468916893 -0.059920888
H -0.874421775 1.295415282 -1.776639342
H -1.836006165 -0.135672152 -1.363541245
H -0.484903097 -0.257314205 -2.531641722
O -1.421254516 0.554125905 1.292146564
N 0.285291672 2.049570084 2.690075397
H -0.677592397 -2.467780828 -1.711531997
C -0.292624295 0.626775920 0.829088748
C 0.132354245 -0.102235399 -0.449986130
