21

H -1.744274259 1.346772075 -0.597454667
H -0.970867991 1.783320308 -2.136680365
H -0.027547315 -2.519009352 -1.190442681
H 1.048620820 1.986652732 1.996248007
C -1.077812910 -1.535540223 0.524401963
C 0.131307468 -0.724248588 0.134769469
C -1.137361288 0.968286037 -1.428434730
C 0.091436245 -2.194919825 -0.162033647
O 2.122681379 0.480532855 0.356834233
H -0.599599421 1.501627922 1.438583970
H 0.783268631 0.055365913 -1.797132969
C 1.051346660 -0.076937765 1.183417320
H 0.733860850 -2.844693184 0.426510781
H -2.000385046 -1.399449110 -0.037548810
H -1.730240345 0.204982385 -1.950088382
H 1.433262944 2.278023243 -0.611989200
C 0.476852030 1.355035901 1.301767945
H 1.386917710 -0.679715157 2.031385660
C 0.184517398 0.390164375 -0.936733723
H -1.234983563 -1.746522427 1.579918385
C 1.078999758 1.370271802 -0.125298604
