15

H -1.195043921 -1.986934423 -0.880701661
C -1.314727545 1.028552771 0.744500339
O 0.604916692 -1.111484051 -1.416677237
H 0.296048135 -2.830250502 -0.332722753
H 0.021773973 0.855284929 -1.905590057
C -0.174972028 -1.857332826 -0.500198662
C 0.379256010 0.233342618 -1.096835375
H 2.253791809 -0.221211106 1.290212393
O 2.326268435 0.080755524 0.378933609
H -3.014547348 2.359589815 1.416864872
C 1.188562036 0.774580598 0.048896000
O -0.187838092 -1.136419892 0.715054572
H 1.239672303 1.860240817 0.132004812
C -2.214325190 1.732913136 1.088448048
C -0.208835334 0.218372867 0.317811310
