16

C -0.103443585 -1.322576165 1.153797865
H -2.250283003 -1.025393128 1.257460475
H 3.095890522 0.940909088 -2.969313383
H 0.753104746 -1.383369923 1.846206665
C 1.121978879 1.326174736 -1.937875628
C -0.154844463 1.555927515 -1.256737471
H -1.551304102 -1.801421642 2.692691565
C 0.240865201 -0.315241396 0.104244240
H -1.351845026 -0.062042635 2.409950972
H -0.957971573 1.567788124 -2.003334045
C 2.177086592 1.115726113 -2.491082907
H 1.208030343 -0.446836203 -0.359255701
H -0.154623285 -2.305001497 0.668612421
C -1.388105750 -1.040910721 1.927879572
H -0.137222484 2.570171118 -0.835467875
N -0.547312677 0.626097083 -0.207776099
