18

H 0.468331903 -3.642610312 1.924234152
O 1.447882891 -0.474557877 -1.021175623
C 0.245140299 -1.932188034 0.462679356
C -0.693495870 0.325536609 -0.070755355
H -0.925294936 1.444307685 1.628598571
H -2.638431311 0.563616753 0.533522248
O 3.403734207 0.447031081 -0.485745788
H -1.067315221 1.250922084 -1.986300468
C 0.144172803 -0.873524666 -0.542315722
C 2.253388405 0.233518854 -0.220577687
N -1.860349536 -0.094515346 0.637638271
H 1.741456747 0.605458438 0.688815773
N -0.764978528 0.483931541 1.337840199
H 0.285186797 1.968060732 -1.096508622
C -0.708051324 1.523330212 -0.988170981
H -0.324957371 -1.275308967 -1.440693736
C 0.375526726 -2.843537807 1.236472011
H -1.381946445 2.290528774 -0.597556591
