15

H -0.702947915 0.681986630 1.703668475
C 0.285114318 2.730338335 -0.693354666
C 0.162579760 0.029614398 1.596918344
C 0.292756349 -1.994255781 0.262556732
H 1.071143746 0.629455149 1.734045863
N -2.235389948 -0.518289328 -2.127312899
C 0.031071175 0.094040155 -0.943174720
C -1.252337217 -0.235130176 -1.610898376
O 0.380957931 -2.727561951 1.220866919
H 0.831450224 -0.255643874 -1.620123267
H 0.136195883 -0.757044792 2.351893902
H 0.374060184 3.782530546 -0.615214884
N 0.170858741 -0.632505894 0.313189507
C 0.157230809 1.542061925 -0.793229163
H 0.297255635 -2.369595289 -0.779831886
