17

N -1.555736303 0.962423086 0.254028469
C 0.231412575 -0.413952172 1.068827629
H 0.053537309 1.570024252 -2.448611021
N 0.667462528 0.629192710 0.136873811
H -1.372749567 2.475897551 -1.844247103
C 0.318192482 -1.822817922 0.461541027
H -0.114256494 -2.544831276 1.167208672
O 1.692737460 -2.079652071 0.228698850
C -1.233710051 0.028128112 1.257957935
H 1.513116717 0.478843659 -0.387744159
H 0.790924728 -0.402839899 2.009431124
C -0.461797118 1.223521352 -0.390918434
H 1.778200865 -2.948323488 -0.173817575
H 0.286373973 2.967731714 -1.385118246
O -1.974490523 -0.374350458 2.119468212
C -0.370066941 2.116838217 -1.584931731
H -0.249151886 -1.865833640 -0.488647014
