16

H -0.897512555 -2.613094807 0.517890394
H 0.928202093 1.273929119 1.074538231
H -1.933185816 -1.232796550 0.876251578
C -1.010152340 2.264073372 -0.597502351
H 0.305239081 -0.846455336 1.934352875
C 0.051215127 1.286851287 -0.905962169
H 1.447355270 -1.072699785 -0.932212651
H -0.357597619 0.570735216 -1.622383356
C 0.607865036 0.583421588 0.309971273
C 1.459319234 -0.646245897 0.070454612
H 2.403598070 -0.739025414 0.575208008
C 0.169697002 -0.760381639 0.859140515
C -1.022886157 -1.541171312 0.359188825
H -1.177462697 -1.390574455 -0.721609890
N -1.831595182 3.035676718 -0.365867198
H 0.857901871 1.827758312 -1.431458712
