19

C 0.673936844 0.632770121 0.521282315
H -1.334492207 -2.005089760 0.612190068
H 1.867043972 0.564231575 2.335298061
O -0.892488301 -2.895392418 -1.677213311
C -0.706604719 0.047199581 0.660362303
C 1.411489487 1.301053524 1.672570467
H -1.115424752 0.126508221 1.664656639
C -0.513777554 1.372927189 -0.049488511
H 0.738339722 1.930266380 2.260006428
H 1.339419484 0.025318211 -0.071174413
H 2.227306366 1.938049436 1.280936241
H -2.255117178 -0.955700755 -0.424198538
H 0.688663244 -0.139249772 -1.868837953
H -0.830890656 2.282092333 0.438635528
H -0.674820304 1.384200931 -1.118329763
C -0.549298048 -1.787528992 -1.317390919
C -1.231075525 -1.160404086 -0.081099644
N 0.408050448 -1.096216321 -2.005441904
H 0.749739647 -1.565035582 -2.832763195
