18

H 2.164424896 1.187457681 -0.352112651
O -0.893041372 -1.361725330 0.144037977
C 0.184307143 -1.503281355 -0.753910720
H 1.218053102 0.317489296 1.723348141
H -1.127763987 1.825454116 1.739434004
H 2.245036125 -1.797852278 0.251522452
H -2.424131155 0.543664277 1.799334645
C 1.129155517 -0.321685791 -1.232437491
H 1.502598047 -0.318913192 -2.249544382
H 0.053657200 -2.325062037 -1.439197421
C -1.569483399 0.951157451 1.261412859
C 1.403108954 -1.184935093 -0.023222787
N 1.175294995 0.930995762 -0.425708681
H -2.483659744 0.464517325 -0.679822445
H -1.123375177 1.658381701 -0.835815489
C 0.840093136 0.056330018 0.741147816
C -0.698523521 -0.015258810 0.565428436
C -1.595751047 0.893265963 -0.233894452
