19

C 0.732010901 -1.436287642 -2.095134497
C -0.884264648 0.710920334 2.158723116
C -0.158859968 -0.983199835 -0.967588961
H -1.120284200 -1.456305861 -0.877882361
C 0.494201094 -0.640997827 0.353827626
H 1.804941535 -1.427101851 -1.951344490
H 0.612359583 0.790366650 -2.040207148
H -1.843194723 1.718136072 0.701654851
H 0.396470696 -2.243511915 -2.731860638
H 0.509959757 -1.527200222 0.999400318
N -1.660062551 0.740965903 0.877749383
H 1.534427524 -0.357015282 0.204417855
H -0.799176276 -0.000314593 -2.857156038
H 0.217354581 2.578365564 1.790779114
H 1.283107996 1.288596511 2.517084599
H -1.293136477 0.318660676 3.062996149
C -0.221257091 0.499901652 1.040713429
C 0.025994439 -0.106532164 -2.167280912
C 0.369407773 1.532553792 1.981108665
