18

H 1.490920544 -0.308832139 -2.496825695
C 0.735551059 1.366263866 -1.277996182
H 1.099070191 2.285354614 -1.735460401
O 2.699181795 -0.058934487 -0.778016269
H -1.110506058 -0.973824084 1.757871866
C -2.762494087 0.266229182 1.005696177
C 1.412735105 0.024634676 -1.459531188
N -0.296322405 1.353839040 -0.496099889
H 2.097792625 -0.024299432 1.245290637
H 2.575138807 -1.636735320 0.632141113
C 0.720724106 -0.804683566 -0.354254782
H -2.927854061 0.922307730 1.868745089
C 2.086383343 -0.688609898 0.375724047
C -0.397639424 0.094086275 0.103783228
H -3.492998600 -0.557864428 1.098304987
H -2.980244398 0.839385867 0.092000231
H 0.412968576 -1.836211681 -0.572135508
C -1.362406850 -0.262106329 0.990762472
