18

H 2.147667170 -3.384982347 0.418095976
C 0.066572741 1.719546556 -0.703819990
H -1.647466540 2.989784956 -0.412859380
C -1.415236712 2.010945797 -0.843694031
H 1.562824607 -1.521896601 1.593395114
H 0.671475172 2.588152885 -0.965682209
N 0.833459973 0.528112173 -0.999539614
C 0.900696576 -2.047188044 0.893194675
C -0.444239318 -1.366215587 0.728434741
H 1.309597611 1.112742662 1.059946299
H -2.017583370 1.267148852 -0.324204803
N 1.194324017 -3.103443861 0.248984545
H -1.167492509 -1.816924453 1.405518174
C 0.506676316 0.812365234 0.396788299
O -0.434256256 0.019415841 1.035701036
H 0.437574118 -0.299860418 -1.349579692
H -1.707515717 2.040620089 -1.889869332
H -0.797077537 -1.548324466 -0.290809900
