16

C -0.126531586 -1.615091085 0.637548864
C 0.756308377 0.905326843 1.004398346
O -0.779728949 -2.389798880 -0.348846614
C 1.226453900 1.479557157 -0.366073728
C -1.156015992 0.657684028 -0.437707424
C -0.094707511 -0.142472312 0.315873444
H -1.723560929 -2.281531096 -0.241562769
H 0.374666750 0.022289813 -1.970681906
H -1.921653271 0.052341647 -0.884760022
H -0.562703907 -1.748293877 1.639688730
C 0.221619666 0.538057625 -1.029742360
O 1.014766932 1.161028624 2.136265278
H 1.123829603 2.552159786 -0.524360240
H 2.260625124 1.195705533 -0.532393694
H -1.508285522 1.612790585 -0.075229228
H 0.894917727 -1.999754429 0.677583337
