23

C 1.723843694 -0.269845665 -1.485942721
H 0.522867620 -1.201252580 2.498179913
C 0.558982968 0.621605933 -1.806506395
C -0.870599687 -0.702589989 0.916939974
O -2.428653002 0.419719905 -0.559972644
H -1.494864821 -2.329340219 -0.360974938
C 0.146003947 -0.385269791 1.906937003
H 2.730139971 0.010837447 -1.736276627
H 0.187722251 0.580272913 2.395491838
C 1.628820300 1.733438492 0.252847016
N 0.406110376 -0.393887877 0.502245843
H 0.762999296 1.533700824 -2.327650785
C -1.743521571 -1.830760837 0.559404135
H -2.377776623 -0.232111424 -1.277415872
H -2.087921143 -2.481195927 1.333428502
H 2.198569536 1.463836312 1.135725379
H 1.510092616 -1.324951887 -1.531151772
H 2.274819613 2.237776041 -0.451475799
C 1.043953776 0.497799575 -0.385759801
H -0.369580328 0.147921383 -2.031745911
H 0.846744418 2.427209854 0.559409857
H -2.944476843 -0.133662805 1.328302264
C -2.224276781 -0.389250249 0.565961599
