17

C 0.613235593 -0.425840497 -0.420461774
C -1.306770444 0.392460346 1.193603277
H 0.733536541 -0.611967504 -1.494202971
C 1.648040295 0.643850744 0.023555173
O 1.220041394 -2.736062765 -0.305681527
H 2.663512468 0.317045391 -0.215769932
H 1.610856771 0.821606636 1.095723629
H 0.694183469 -1.764379263 1.366512775
H -1.027469158 0.589114130 -2.300895452
C 0.860398591 -1.758384228 0.273742735
H -0.651106834 0.224037796 2.059778452
C -1.490991950 0.777985990 -1.303402901
H 1.473524928 1.596062303 -0.466186851
O -2.442101717 1.501447916 -1.186563730
O -1.717225313 -0.804804981 0.545483589
H -2.055542946 1.170900822 1.293209791
C -0.826121509 0.066926934 -0.158444405
