17

H -1.122342944 0.252547145 -1.418995619
H -1.147019506 0.377616823 1.080571294
N 0.733120620 -1.635804176 -0.585385263
H 0.900189221 -1.431148291 2.698030949
H -0.525212049 3.091254234 -0.391379148
C -0.207259297 0.451266438 0.522672296
C -1.162815213 2.349726200 -0.886829376
C 0.888427615 -1.608196974 1.635885119
C 0.463230014 -0.896128953 0.555345535
H 1.618535638 -3.574212790 -0.723894596
O 1.403313756 -2.805238724 1.190108538
H -1.360965610 2.694925785 -1.903238773
C -0.488424391 0.965944827 -0.889767468
C 1.270189881 -2.724546909 -0.153309748
H 0.413580000 1.160764813 1.072451234
H 0.443907022 1.005610347 -1.453079224
H -2.120455027 2.325620174 -0.349185616
