24

C -1.716369271 1.631420970 -0.742186964
H 1.348130584 0.736545742 -0.127307296
C -0.617559791 1.496010780 0.287691802
H -2.286372185 0.077841587 0.748402536
N -0.115039840 -0.730535507 -0.629923046
H -2.003387690 2.644498348 -1.032119751
H 2.052948236 -2.233708382 -1.477692246
O 1.836431742 -3.826388836 -0.146297067
H -1.777492881 0.910025120 -1.551954508
H 2.317202330 -1.798927784 0.218416780
H -0.066169851 -2.285201550 0.736199081
H 0.741539359 3.187189579 0.187548980
H -0.347613305 -2.772490740 -0.928308606
H 0.550084949 -0.045194011 1.224986315
C 0.244971722 -2.089275360 -0.305707097
C 0.381516695 0.341249108 0.213135362
H -0.007997513 -0.511155427 -1.613363147
H -0.791088700 3.530602694 0.996412098
C 1.716294527 -2.442174196 -0.447946519
C -0.021413136 2.769615650 0.855596662
C -2.048911333 1.136617303 0.646285415
H 2.754345894 -4.104596138 -0.245726854
H 0.448792696 2.583544254 1.830742240
H -2.592843533 1.794487953 1.303116083
