15

C -1.351713777 0.332975179 -0.902207792
H 2.037196398 1.269490957 -1.020854354
O -1.510617256 -0.095684364 0.431990921
N 1.454437375 0.235527307 0.642227173
H -1.656434894 -0.471529454 -1.602937937
H -1.106273413 -1.701274991 1.610387683
H 2.315592051 0.503251553 1.083895683
O 0.973016441 -0.754895985 2.627979279
C 1.149198294 0.793668330 -0.589218855
H -2.094196320 1.133200288 -1.040131927
C 0.645625830 -0.517219782 1.481847405
C -0.601902843 -1.107569098 0.848330438
C 0.014020687 0.832108259 -1.293332219
H 0.052847002 1.301722169 -2.269762516
H -0.320795923 -1.753770471 -0.008212873
