15

C 0.967228591 -0.498942614 0.491012454
O 0.702363729 -0.961248338 -1.880276799
C 0.044227324 -1.033074141 -0.628153384
O -1.216170549 0.101571143 0.973492682
H 1.951707959 -0.220454887 0.097247191
H 1.102986336 -1.207680225 1.315614700
O 0.495620459 1.371912599 2.077658653
H -0.321035892 -2.047275543 -0.428379565
C -0.307368249 1.329093218 -0.420980453
H 0.111183807 -1.282926559 -2.570455790
O -0.201510802 2.340893030 -1.029627800
H -0.328463197 1.562376499 2.552910805
C 0.128147066 0.686363876 0.947376847
H -2.033332586 -0.140666679 -1.009933710
C -1.095584273 0.000058762 -0.487505674
