16

O -1.946716666 2.050203085 -1.060569644
H 2.020687580 -2.220092297 1.274224401
C -0.262569398 0.342875153 -0.957559168
H -1.010361791 2.144924641 0.694489956
C 0.860181630 -0.416085511 1.259154320
H -1.851927161 0.638892412 -2.492284536
O 1.303806305 -0.038495250 2.304967642
H -0.275076509 -0.680487275 -1.360577703
C 1.343186855 -1.710779667 0.608741403
C -1.446397305 1.062788963 -1.558382869
H -1.212139964 -0.173150346 0.907570541
O -0.257642001 1.667292476 1.077684522
H 0.504914463 -2.358968973 0.367434472
H 1.861964345 -1.489268899 -0.327242672
C -0.293948799 0.363089800 0.578694284
H 0.662038386 0.817261755 -1.316345930
