20

H 1.177985311 0.155376360 2.227374554
H -0.319605440 1.740991235 -0.764710248
H 1.973511100 0.484135449 -1.415869713
O 0.966919720 2.186872482 0.785676360
C -0.851735175 -0.822259605 -0.253991961
C 0.632330775 -0.516012549 1.561079979
N 0.513743341 -1.059461236 -0.820074677
C 1.248106360 0.216066495 -0.662061930
C 0.309989542 1.236031055 -0.022506684
H -2.869875669 -0.348529339 -0.886812091
H -1.174253345 -1.757331371 0.213887945
H -1.913761735 -1.252489924 -2.078095198
H 1.605195284 2.653439760 0.240735874
H -1.635967612 0.466887176 -1.843263268
C -1.875518441 -0.457224846 -1.325910568
H -1.308190107 0.636128306 1.420375586
C -0.503392875 0.221681401 0.825076044
H 2.313823462 -1.515417457 0.346011221
C 1.436520576 -0.886708140 0.328681737
H 0.274175316 -1.382175446 2.124397039
