15

N -2.217815876 -0.873448789 -0.302901477
C 1.940780163 0.562132239 -0.480846971
H -1.915143847 -2.868523359 0.483347297
N -0.236712590 -0.211511165 0.416783094
H 1.484757900 0.993040740 -1.376414895
H 1.416478276 0.134503707 1.589757919
H 2.830258369 1.147089243 -0.225834042
C -1.362669706 0.126779005 -0.225019664
H 0.639623821 1.583499432 0.914394736
C -1.511773586 -1.867430687 0.331772566
C 0.956369042 0.559950769 0.696216047
H -2.411330223 1.358443022 -1.152582407
O -1.546840668 1.370897889 -0.715604186
N -0.318625003 -1.551117301 0.760069728
H 2.252643347 -0.464304805 -0.713137507
