19

H 0.338271141 -2.777487040 -0.195928141
H 1.897027016 1.763794661 -0.971548259
H -1.797780156 1.912621260 -1.520971775
H -0.294119716 1.456904769 1.028612137
H -0.455686778 -0.814840555 2.051657438
C -0.267609715 -1.015702724 1.002572179
C 1.127694130 -0.779396594 0.503043711
H 1.880162477 -0.468717515 1.228714943
H -0.125418991 2.893990517 -0.001475408
C -1.042996168 1.243289113 -1.120480061
H -2.201890230 -1.638985753 0.211836278
O 0.115782633 1.233051658 -1.989850283
C 0.652667761 -2.180470943 0.661287367
C 0.976137519 1.192542076 -0.848263204
C -1.427729487 -0.877334476 0.078856111
C -0.151544243 1.806754351 0.019926906
N -1.634978771 -0.033129297 -0.863675117
O 1.293651462 -0.165852964 -0.736572325
H 1.118359804 -2.751031637 1.462257385
