21

O 0.664580941 -1.001527786 1.016080499
H 1.073484063 2.737106323 -0.935235739
H 1.432452321 -2.164114475 -3.130611181
C -1.346292019 -1.198465228 0.337588519
H -0.144719407 -2.943832874 1.021703601
H 1.258238316 1.278260589 -1.913843274
H -0.974317074 1.294782758 -0.866158545
H -0.410128921 2.783968687 1.039964437
H -1.255373240 1.365644217 1.620663643
C 1.005967140 -1.669707060 -2.293841124
H 0.507241726 1.466022253 1.804723263
C 0.519800544 -1.111808419 -1.336404681
C 1.133939981 1.649915814 -0.901357055
H -2.057637930 -0.522377551 0.819707274
C -0.410519302 -1.919630647 1.313037753
C -0.336430430 1.705953121 1.144383669
H -0.682986796 -1.892091274 2.373370171
H -1.854235172 -1.803640604 -0.413256586
C -0.104580969 1.059541941 -0.230506822
H 2.036274910 1.373931289 -0.323136270
C -0.054758091 -0.487931252 -0.146871537
