16

H -0.869753301 0.272269279 -1.921301603
C -0.740798414 -0.510388315 0.195893705
H -2.378087759 0.736307442 0.780982971
C 1.564430833 -0.297975689 0.317922533
C 0.329474330 -0.859010458 0.926183999
H 2.145881414 1.911749840 -0.126334056
C -0.242320850 0.231719926 -1.041366220
C -2.140179873 -0.339466214 0.671513438
H 0.320111930 -1.345568657 1.891770363
H 1.870316863 -0.350219697 -2.003891468
H -2.869102955 -0.750683010 -0.032629523
O 0.046248488 1.577735662 -0.495473146
C 1.290327191 -0.037321851 -1.154998302
H 2.570183516 -0.558643878 0.634731412
H -2.291660547 -0.830946386 1.639065623
C 1.394929171 1.150441885 -0.282069743
