18

H 0.560638011 -2.189258337 -1.235301375
C -0.748691201 -0.535263240 -0.849321365
C 0.662685633 -1.105773330 -1.062431335
H -1.568812013 2.113750696 1.316406488
C 1.679690957 -0.860049903 0.104308359
H 1.051422596 -0.697670698 -1.998606205
H 2.650493622 -0.561782181 -0.315493822
C -1.266922355 -0.356863737 0.549500406
H 1.887505651 -1.809511423 0.624667227
C -1.365129113 0.848735034 -0.418048650
H 1.880501509 0.960417688 1.363418698
C 1.187636256 0.195571989 1.058862567
H -2.183767796 1.186223745 -1.032275319
C -0.132429585 0.435879648 1.196086526
H -1.452297330 -0.998574972 -1.528803587
C -0.738818109 1.738807559 0.710351348
H -0.044891469 2.544460058 0.476787806
H -2.058814764 -0.909099281 1.039891839
