20

H -1.559177756 1.304202199 -1.979326010
H 0.423369288 -0.087989815 -2.101887465
C 0.477129877 0.719795406 -1.361678362
H 1.137465835 1.498991013 -1.774297357
C -0.961606383 1.248241425 -1.071351290
C -1.518739223 0.236154705 -0.071726486
H -1.972483754 0.072481111 2.101301908
H 2.879698277 -0.839129567 0.443093300
H -0.608002782 -2.449763298 1.612022519
H 1.362471938 0.968373060 0.607527256
N 1.247804284 -2.081228256 0.810688615
H -2.371628761 -0.385996461 -0.345676482
H -0.913967967 1.498014092 1.667574167
H 2.075369120 -1.439199448 -1.018878698
C 0.020161619 -1.733298421 1.099587321
H -0.925181329 2.258017302 -0.646196425
C -0.344384044 -0.405201882 0.650019586
C -1.296942949 0.510918915 1.386125803
C 1.901284695 -1.049081326 0.002084307
C 0.947359443 0.155699238 -0.009006540
