23

H 2.765626907 -0.163510695 -2.274602890
C -2.353692770 1.765699148 1.367587686
H 3.282240152 -0.973493695 -0.796649158
H 1.003067851 -1.954389095 -0.509159863
O -1.664547443 -0.154900551 -0.703608215
H -0.022272080 -0.420094281 2.248938322
H 0.477734447 -1.185804248 -2.009302616
H -1.494448543 -1.053956628 -0.995674312
H 0.819296122 1.062160492 -1.074264526
H -0.449578136 -1.771593809 1.195091009
H 2.833299875 -1.922499180 -2.209218502
H -1.096901298 2.228311300 -0.270168751
C 0.757562459 0.206924677 -0.380906612
C 2.590954781 -1.034175634 -1.636627078
H -3.201183558 1.251786113 0.858456552
H -0.250033677 2.084682465 1.283555031
O -2.513422728 2.374213457 2.389238834
H 1.492184043 0.397492409 0.406694829
C -1.025559187 1.641907811 0.650207341
C 1.134241462 -1.063107729 -1.146078706
H -1.721583128 -0.767542422 1.881867886
C -0.712848425 -0.746926486 1.467784286
C -0.650136650 0.198817074 0.256839693
