23

H 1.431026578 0.578397989 -2.303385496
H 3.133389950 0.452569753 0.760154843
C -2.565837383 0.859464347 -1.377215743
H -1.125609756 -2.318865299 1.993145347
H 3.280663252 -1.290202260 0.701582611
C -0.807612360 -1.325441480 2.316816568
H -0.836604238 2.081867695 -1.844099164
H -2.740357399 1.254784226 -0.366098732
H -0.336590707 -1.419599056 3.301882267
N -0.555993199 -0.361827552 0.128145650
O 2.189731598 -0.491511583 -0.785188794
C 0.130088449 -0.722245693 1.301129460
H -2.857710123 -0.193692192 -1.370711803
H -1.712305188 -0.721059978 2.410715103
H 1.784239531 -0.687813282 2.582873106
C -0.130844861 0.328772187 -0.865250111
H -0.952400386 0.623410046 -2.800832510
C 1.442917943 -0.625963509 1.543929577
C 2.566634178 -0.474221647 0.562465608
C -1.103090644 1.016776204 -1.780558825
C 1.327261806 0.531866550 -1.218491316
H -3.220616102 1.390296578 -2.072904110
H 1.659619331 1.514237285 -0.818103135
