20

H 0.052566286 2.394574642 1.213292360
C 0.936089993 -1.733778596 -0.731452107
H -2.350088120 1.055599332 0.303003699
H -1.765733123 1.847556233 -1.172670722
C -1.886685848 0.877572775 -0.679332674
C 0.579058111 1.486263156 1.496796012
O -0.154881313 -1.558403850 1.024514914
C 0.592686653 0.505932629 0.349429488
H 1.597704649 1.751858592 1.782359481
H -2.581989527 0.283459961 -1.271280766
C -0.520790815 -1.373912215 -0.382035941
H 1.145368814 -2.793348074 -0.569709003
H 1.942570925 -1.091057301 1.276287198
H 0.089292966 1.026161432 2.356672287
H -1.395857811 -1.940738916 -0.704778135
H 1.253687620 0.462646425 -1.616994143
C -0.567959070 0.186033696 -0.539870918
C 1.104149580 -0.947539926 0.593375921
N 0.596896827 0.965895653 -1.027570963
H 1.333913326 -1.404775500 -1.700035214
