23

H -0.266260266 -1.732060432 -1.907821417
C 1.291835189 1.772041917 -0.342282146
H -1.849266648 -2.361236334 0.700363457
C -0.226179197 1.484622955 -0.423484474
H -0.857786536 1.789939523 0.398230076
C 0.152117863 -0.343433410 2.034282446
H 2.343585491 -0.243972957 -0.377929151
H 1.641891956 1.910970688 0.685746014
H -2.314578533 -0.693511009 1.101094723
C -1.652513027 -1.300651670 0.466796368
C 1.561565042 0.331739575 -0.876125455
H 1.777392507 0.330624074 -1.951601863
C -0.170223728 -0.920240521 0.665366888
C -0.753722548 -0.782199681 -1.600139976
O -1.969791889 -1.049161315 -0.908816695
C 0.096301310 -0.037367448 -0.573786914
H -0.653969347 1.880245090 -1.349383116
H 1.221176624 -0.106478550 2.125991583
H 1.673190951 2.598926067 -0.942859888
H -0.988336682 -0.212555423 -2.498130083
H 0.434405744 -1.823998928 0.524624169
H -0.082735561 -1.062178373 2.819385767
H -0.408098400 0.569935620 2.230480671
