18

H -0.344474167 1.956880927 -2.243597507
C -0.256611139 1.766931534 -1.168909073
H 0.784077823 -0.718474627 2.840482950
C -0.502653420 -1.512897849 -0.020256530
C -0.607213438 -0.871713340 -1.378031492
H -0.758916736 -2.541578770 0.230472252
N 1.096192837 -1.190927386 1.992019176
C -1.021848202 0.511697114 -0.794212043
H -2.078893423 0.625513732 -1.066518784
H -1.666581511 -0.008743010 1.393170953
H 1.944627762 0.764681220 1.357702017
C 0.391109407 -0.706035614 0.831948161
O -0.532284081 -1.290011764 -2.489214897
H 0.812860429 1.676067233 -0.949453533
C -0.937609851 -0.136613503 0.602454007
H 2.559978724 -0.695620656 0.447972178
C 1.761228085 -0.264075220 1.049278975
H -0.642989457 2.634919405 -0.635307074
