15

C -0.195491001 0.197908252 0.464697629
H -0.789834738 -1.415346861 1.726415396
O 0.558473647 -0.331797004 -3.106395960
H -0.545304477 2.111880302 -2.141808987
C -0.525512874 1.634270191 -1.190760732
H -1.053293824 1.600015521 1.811977267
H 0.542076051 -0.436419517 2.355930567
O 1.076508760 -1.748628139 0.830865026
N -0.777956486 1.343817234 0.883248150
C -0.033976283 0.334465802 -0.921076119
N -0.977982819 2.239998341 -0.106201909
H 0.861796200 -1.548351884 -1.528310299
C 0.136428356 -0.890476406 1.440120101
C 0.501826644 -0.587336540 -1.922558188
H 1.222242951 -2.503999233 1.403858304
