21

C -0.548340559 0.598670185 0.105244949
H 0.271996617 2.477372646 0.810478389
C -1.912882686 -0.002385621 -0.242503434
O 1.515134811 0.124106206 -2.773499727
H 1.932291627 -2.006118536 -1.383274436
H 2.651201963 -0.736026108 -0.398730010
H 1.412906408 -2.093834400 1.169464946
C 1.107502937 -0.058701180 -1.659756184
H -0.403988510 -0.523233652 1.946387529
H -2.419658422 0.612195909 -0.993286669
H -2.539541483 -0.052831043 0.659358263
H -1.259201050 2.641996861 -0.084705211
C 0.811064661 -1.527345538 0.441827089
C 0.243790179 -0.263859540 1.101328850
H 1.067365408 0.345130235 1.497460842
C -0.714155912 2.025372505 0.635470688
H 0.003434390 -2.177506924 0.129346907
H -1.806053758 -1.019521236 -0.638426483
O 0.158488646 0.771649837 -1.159215450
H -1.268715382 2.009910583 1.584893227
C 1.697360277 -1.145041466 -0.747863829
