19

H -3.020149946 0.358278394 0.851791143
C -1.224234700 0.005644904 -0.437057883
C -2.144595146 0.840040445 0.443704575
H 1.785670638 -2.367862225 1.458251715
H 2.819578171 1.799741864 -1.128311872
O 0.855346203 1.148652911 -0.972276866
H -1.564132094 -1.003050804 -0.637005925
H 3.365365267 -0.346785218 0.512688398
C 2.409549236 -0.038283587 0.105514511
C 2.184844255 1.046071410 -0.688629091
C -2.092023134 1.102516770 -1.034199238
C 1.154208541 -0.662302673 0.325756133
H 0.382358193 -2.678811789 0.441289991
H -1.592985511 1.992732167 -1.373480439
H -1.677536726 1.562942505 1.106016278
H -2.929728746 0.801283777 -1.645049572
C 0.234617710 0.117275327 -0.324965596
C 0.862224996 -1.927326441 1.072675824
H 0.191623315 -1.750757575 1.923288107
