18

O -0.675733149 -0.145789757 1.240411639
C -2.077714205 -0.148328170 1.042248487
H 1.807522178 -0.413957715 1.341533422
H 1.133972645 -0.421305656 -2.299906492
O -0.416996807 1.118931055 -0.655899167
O -0.168393761 -2.339670897 -0.231142312
C 1.640361667 1.681141734 1.210711122
H -2.422345400 0.813729882 0.659044266
N 1.732332230 2.740526915 1.663169503
H 2.261841059 0.288548529 -0.220912084
H -2.521389484 -0.335465610 2.021933556
H 0.182692021 1.293137550 -1.397267938
H -2.388483047 -0.953712642 0.363604456
H -0.315636277 -1.176467299 -2.683569670
C 1.543640614 0.347924352 0.608702838
C 0.112269484 -1.272002578 -0.722418606
N 0.467911005 -1.130875349 -2.044683695
C 0.104149535 0.053635366 0.104441017
