18

H -1.866846800 -2.493823051 -1.804133296
C 1.451430917 1.063573480 1.516043067
H 1.443121076 1.564685345 2.494024515
H -0.506424546 0.219877794 1.801842332
H -0.780107915 -1.804523706 0.323761225
C -0.038724501 0.112510890 -0.342160553
O 2.214860678 1.798052907 0.573667228
H -0.509787977 1.768983960 0.984701276
C 0.022456409 0.810473144 1.037665725
H 1.979883432 0.112759858 1.659509659
H -0.175273806 -2.067707062 -2.105910540
H 1.759956360 2.632707119 0.456962973
H -0.261370957 0.853052378 -1.123753309
C -1.146815419 -1.667124987 -1.799482584
C -1.046499014 -1.030685902 -0.412980556
H 0.955736279 -0.267075658 -0.594420910
H -1.460780501 -0.946949959 -2.553542137
H -2.034812927 -0.658785522 -0.111794285
