16

C 0.053460609 -0.361010313 -1.928214550
H 0.977034390 1.894473791 -0.050500263
C -1.168953061 -0.538861811 0.630870342
H -1.888858080 -1.253946066 0.227681860
H -1.450619936 -0.280891091 1.653577209
H 1.902076960 -0.667230487 -0.810887039
O 0.305056632 -0.791290224 -3.018827438
O -1.087383151 0.292518497 -1.599811912
C 0.547631502 0.902619302 0.130658254
C 0.869499683 -0.378630608 -0.647628486
C -0.979035079 0.718465388 -0.195645794
C 0.910700262 0.000325397 1.341625452
N 0.218985364 -1.116230965 0.568884552
H -1.675357461 1.557767987 -0.074794002
H 0.477831215 0.194645822 2.326899529
H 1.987930655 -0.172724247 1.446112514
