16

H 1.915850282 1.613139629 0.165948510
H 0.563956559 -2.892566919 -1.683642149
C -0.820094526 1.683970332 1.216992259
H 2.606643200 0.000712318 -0.084254429
H 1.975945115 0.896020472 -1.449417830
O -1.087423801 -1.646807194 -0.423218340
H -1.998646975 -0.994771481 1.321899891
H 0.066595316 2.347340107 1.284943223
N 1.007879853 -2.014693260 -1.407799840
H -2.570966959 -0.225155026 -0.163020864
C 1.813664556 0.675170839 -0.392025441
C 0.491602331 0.038848180 -0.185123861
C -1.678087950 -0.602481186 0.350504190
C -0.611983061 0.438932329 0.471238256
C 0.197442666 -1.303540707 -0.743951738
O -1.872377276 1.985880852 1.720928431
