18

H -1.350871086 -1.059105873 1.453351259
C 2.842845917 -1.039037347 -0.140164375
C 0.231553286 1.140065312 0.867491782
H -0.281242311 -2.335224152 0.825670779
C -0.510959864 1.941030741 0.094609283
H -0.718143165 2.986856699 0.293483347
C 1.712000608 -0.682259202 0.063101143
H -2.323361397 -0.240674421 -1.741770506
C -0.993143916 1.229706883 -1.112049341
C 0.330816269 -0.288477659 0.317147613
H 0.734590769 1.416161418 1.774747252
C -0.419795215 -0.145991549 -1.040822148
H 0.236362532 -1.379112124 2.222116709
H -0.013460905 -0.655106962 -1.913817167
H -1.147231817 1.763742566 -2.051214457
H 3.845877886 -1.342383623 -0.309879094
C -0.314031303 -1.335771680 1.272810221
N -1.861806512 0.025581086 -0.874811351
