20

N -1.264683366 -1.331751227 0.015004126
H 0.906546414 0.554456830 2.004457474
H -0.243723512 -2.799631596 -1.149567127
C -0.079621978 0.432801634 1.539547443
H -1.373699307 1.884496093 0.537404537
H -1.925547957 -0.609357178 -0.246196523
H -0.595006049 -1.327407837 -2.100689650
H 2.018254757 0.641177714 -0.456077367
H 1.754300237 -1.573070288 -0.319828749
H 0.093604811 -1.718648911 1.572176099
H 0.185642764 2.500877380 0.989056170
H -0.806341290 0.456885606 2.355384827
C 0.166302085 1.327117324 -0.862680912
C -0.346666366 -1.701098204 -1.100723863
C 0.841426194 -0.989974022 -0.402150601
C -0.315157264 1.612897158 0.576703668
N 1.210127115 0.308818430 -0.976589441
C -0.098060578 -0.918857634 0.839874148
H -0.684604168 1.016956091 -1.472161531
H 0.556907117 2.233312368 -1.342942357
