21

H -0.203489855 3.108391523 -0.589181960
H 1.050411344 -1.490148067 -1.607374191
C 0.644014955 1.241919994 1.480503440
C 0.466033995 0.523002148 0.148430005
H -0.243011177 1.163034081 2.107285023
O -1.325735688 -2.368033648 1.569988728
H 1.021439195 -1.412957907 0.925858378
C -0.333214343 2.257502079 -1.284290552
C 0.157048240 -1.749262929 -1.015768528
C 0.206645280 -0.986610234 0.321918100
H -1.185700178 2.468235254 -1.933246255
O 0.206421375 -3.149959326 -0.832177937
O -0.629491031 1.046874881 -0.605388582
H -0.722669601 -1.432037234 -1.593716979
H 1.497428298 0.816123307 2.031200171
H -1.849624753 -0.473015904 1.061779141
C -1.096237183 -1.292183518 1.055681467
H 0.853031874 2.306138277 1.326460838
H 0.572825015 2.182302475 -1.901502132
H 1.397494197 0.626050770 -0.455241829
H -0.483619899 -3.385366678 -0.211216852
