18

H 0.101810209 -1.236881256 2.156963110
H 2.854468346 1.620154381 -2.555746794
H -2.626174927 -0.735070348 0.880176187
H -0.857797265 -2.478052855 1.340448260
H -1.544082165 0.549991369 -0.849890113
C -0.923787355 -0.154793859 -0.268477648
C 0.456905186 0.473119974 -0.175156727
H -1.631956816 0.471850276 1.650929570
H 1.383795619 -0.250876009 -1.948558211
C 2.337645292 1.617060423 -1.566349149
H -1.445976019 -1.723950148 2.826097965
O 1.017946243 0.730338931 0.857653141
H -0.868194461 -1.050877810 -0.896374404
C -1.594686747 -0.447015166 1.067623973
H 0.377348989 1.140813470 -2.230391741
O 2.749852419 2.284669876 -0.653461754
C -0.904639542 -1.535167217 1.892486811
C 1.117522717 0.724685609 -1.527973056
