21

H -1.380491376 1.304380774 1.357451677
C 1.309420466 0.333865285 1.047986865
H 2.091395855 -0.219624788 -0.890255272
N -2.063476086 0.725127757 0.858152092
O -0.077721961 -3.230072260 0.165982619
H 0.679987609 -1.621539831 1.630332947
C 1.714943171 0.688630581 -0.398042619
H 2.567678452 1.377427340 -0.350493133
H 2.204237938 0.081264041 1.635647893
H -2.212374210 -0.368030429 -0.918524384
N -0.663193524 -2.133252859 -0.525110602
C -0.521551907 -1.037828445 0.122966193
C 0.637232184 1.334505200 -1.222127438
H 0.858882010 1.205041766 1.510512829
H 0.992728710 2.059628725 -1.948709607
H -0.319745660 -3.973016024 -0.389276236
C -0.685553253 1.102231383 -1.191360831
H -2.775486708 1.373621583 0.532231331
H -1.329011440 1.705484629 -1.836437464
C -1.416619658 0.098180607 -0.322993994
N 0.388719141 -0.806025505 1.132067204
