13

H -0.643063307 -2.514796019 -1.555908442
H 1.035131574 2.604095697 1.685945034
O 1.488954425 1.919695616 1.161229968
N 0.144521475 -1.982964516 -1.214504600
N -0.763222337 1.414115429 0.905597031
C 0.890975833 -0.028309295 -0.034211166
C -0.129985660 -0.847746551 -0.532408655
N -1.417880893 -0.522248983 -0.319092631
C -1.666322470 0.569405675 0.374340266
O 2.167264700 -0.319422722 -0.260636628
H 1.087224483 -2.220210075 -1.444282055
H -2.714227438 0.818396330 0.548290968
C 0.520629406 1.109989405 0.685640693
