20

C 1.459088326 -0.898237586 1.004230380
H -0.116029412 -1.636778235 2.319565773
H -0.212914988 1.209060431 -2.698653460
H 1.836426139 -0.313981414 1.855767250
C 1.523405313 -0.029043745 -0.260577977
C -1.147923350 1.482424974 -1.055881381
O 0.449535340 -0.308929086 -1.154473543
H 2.442500114 -0.226872563 -0.831581652
H -2.172209501 1.739768028 -0.769402325
H -0.665345728 0.701215744 1.450210214
H -1.540859103 -0.627071321 -1.138734341
H -1.969190955 -0.426847517 1.165665865
O -1.060761452 1.623133183 -2.463307142
H -0.469357520 2.180967331 -0.548503518
C 0.011836985 -1.348153710 1.275421858
H -0.237995297 -2.232710123 0.672865748
C -0.833278656 0.045506518 -0.623806059
C -0.929791510 -0.199683502 0.889168024
H 1.521212220 1.039779544 0.013152499
H 2.111653805 -1.773546696 0.898873448
