16

H 1.917099595 1.008570671 -1.394898772
C 1.190857530 0.165044382 0.602667272
C -1.015604734 -0.220314011 -0.770240843
C 1.073958635 0.630514085 -0.826916635
O 0.164614931 -0.097334586 -1.607942343
O 1.072336316 -1.982133985 1.608266354
C 0.553030849 -1.144909739 0.912521601
H -0.760971785 -2.330070019 -0.290938497
C 0.356385231 1.411375523 0.253492326
H 0.655805588 2.377951145 0.640429318
C -1.072276711 1.144910455 -0.073044136
O -2.031313658 1.854268432 0.061820071
H -1.579019308 -1.416013122 0.964912832
C -0.781527817 -1.358425856 0.212292641
H -1.879905105 -0.382659286 -1.401701331
H 2.136530399 0.339225829 1.109280109
