13

N -1.284988761 -1.354382515 0.590787590
N 0.812879145 -1.468644381 -0.193140104
N -0.210851744 2.038033247 -0.158532962
N -3.463927507 1.179386854 1.149344206
C 1.057010770 -0.103518412 -0.344807863
C -2.484276056 0.651275754 0.847031534
C -1.261228323 -0.029868042 0.476209998
C -0.143990040 0.757830560 -0.002425217
H 2.865298033 -0.240217656 -0.974560976
N 2.122732639 0.428961217 -0.749150276
H 1.558001399 -2.120847702 -0.435633093
N -0.280380011 -2.102684498 0.266672641
H 0.713720024 2.364675283 -0.471795440
