18

C 0.250410080 -0.150704503 0.233269215
C -0.846546054 -1.135658264 -3.109119415
H -0.898643672 1.912291527 2.830286980
C -0.719696045 0.033260785 -0.793924928
H 1.277320743 -1.099492192 2.420328617
C -0.133918256 1.789798260 2.068635464
N 0.605138063 -0.420780778 2.746335030
H -1.583052397 0.671087861 -0.778468728
O 0.854698956 -1.387261271 -1.402551651
H 2.035822868 1.274018288 2.644455671
H -0.026915699 2.608268499 1.376122832
H -0.109849304 -0.979119837 -3.904025316
H -1.734222651 -0.528294802 -3.329238176
H -1.143457651 -2.190490007 -3.167424202
C 1.037585735 0.955785155 2.511565924
N 1.210653424 -0.960634947 -0.147234827
C 0.222770423 0.396218777 1.580010414
C -0.298098326 -0.788292825 -1.779022574
