18

O 3.418794870 -1.771975398 0.672113895
C -1.509801626 1.226215839 0.955444932
H -2.069510937 -0.851657987 0.467738271
H 0.533648133 2.155908346 0.316993207
N -0.375679344 0.684850395 1.721204519
H -0.122894682 1.383726358 2.422085524
C -0.479831308 0.265156955 -0.682376504
H 2.766857862 -1.613292456 -1.237751007
H -2.714035749 0.342436284 -0.693964839
H -0.114401042 -1.755177855 -1.277590632
C 0.463939279 -0.881348252 -0.962867379
C -1.889803648 0.107774585 -0.016407697
H -2.144481659 2.014725447 1.338718057
C 2.585221291 -1.558108926 -0.143434271
H 1.116541982 -0.623457491 -1.804964066
O 1.310324669 -1.213825822 0.154382482
C -0.132427603 1.308551908 0.401522428
H -0.642460167 0.779498100 -1.630846858
