16

H -1.609328628 -1.841822147 -0.768194556
H -2.121449709 -0.188813299 -1.076446176
C 0.007644927 -0.424762368 -0.979887724
H 0.581321180 0.643584788 2.895938396
H -0.421157360 1.983530760 2.309562445
H 1.053460360 -0.994726539 -2.754710197
H -1.415169239 -1.150828362 -2.394625664
O 1.439771295 0.784390092 0.542879760
N 2.311324596 0.047530685 -1.459395051
C 1.084313035 -0.506853878 -1.789645791
H -1.182398796 0.646828055 3.190624714
C -0.402458400 0.894168139 2.465521097
C 0.207600147 0.188054726 0.325245082
N -0.674907148 0.182511196 1.230254292
N 2.499342203 0.665961325 -0.406001478
C -1.357909083 -0.928753018 -1.331119657
