18

C 0.041988209 0.034327544 1.906144500
H 2.460683823 -0.481807292 0.806461275
H -0.289058656 -1.004368544 2.052864075
H 0.793075860 1.330152392 0.378705472
H -0.768457830 0.701998949 2.216106415
C -0.348356515 0.572514594 -1.903535604
H 2.055953741 -0.399403691 -0.904777586
H -2.042897940 -0.567382395 0.812934816
H -1.279365659 0.517791986 -2.464935303
C -1.905300975 -0.270945668 -0.239672363
C 1.648400664 -0.622604132 0.081551172
N -0.640444458 0.150427476 -0.529193580
O -2.830077171 -0.322578609 -1.029076695
H 0.013913648 1.612013817 -1.914331675
H 0.888680756 0.193517461 2.552155733
H 1.342140436 -1.668850780 0.109196045
C 0.458023846 0.285911918 0.447837293
H 0.401098341 -0.060715042 -2.378434181
