15

O 0.141675055 -1.072219610 0.185137898
N 3.040400982 0.748311639 0.606409550
H -2.072876930 -1.011636376 -1.284144998
C -1.389192939 -0.175930187 -1.502846599
H -1.719807029 0.673918247 -0.917857587
C 2.020550728 0.276358068 0.855902910
C 0.039891556 -0.565502405 -1.148650169
H 0.342277646 1.561638474 2.405686617
H 0.725327075 0.272555232 -1.291823626
O -1.356964350 1.003256679 1.487726569
C -0.195888489 0.856312633 1.720630407
H 0.371081710 -1.387058258 -1.796101213
H -1.458985209 0.061669141 -2.561209917
C 0.688210487 -0.286043257 1.190892935
H 0.824299932 -0.955630064 2.050247192
