15

O 1.325361371 1.836886644 -1.559364915
H -1.840802193 0.460389912 -0.168425411
H -0.055157516 -0.017139131 2.285804987
H -0.106113836 -2.282077551 1.206113696
H 0.933299422 -0.512512684 -2.545804501
C -0.202376485 -0.080752850 1.213306904
H -1.798129439 1.489189863 1.330487609
C -1.263846159 0.837738514 0.653109908
C 0.007347682 -1.391646504 0.604935169
C 0.203614175 1.138866901 0.406816036
H 0.627324104 1.979880929 0.920740306
H 0.387245208 -2.486294031 -1.155910492
C 0.663766921 -0.398434997 -1.507760763
C 0.341737002 -1.491893768 -0.716929376
C 0.776729703 0.917798996 -0.967118323
