15

H 0.514759004 1.917933106 -0.218212962
C 1.043436646 -0.318953484 0.227898836
H 1.274052858 1.032633781 2.034706354
C 0.808007061 0.114080280 1.688674688
H 0.871454060 -0.681532025 2.439536095
H -1.527291656 0.493212074 1.348177791
H 1.945294142 -0.729903340 -0.231463268
C 0.185419396 0.886214137 -0.272667080
H -1.149223089 1.022116542 -2.159711361
C -0.543804288 0.241228282 0.956006587
C -0.557462215 0.383864582 -1.510632038
O 0.061416268 -0.755009234 -2.139636517
C -0.879218459 -0.965703905 -1.081923723
N -0.276078045 -1.102303982 0.252405316
H -1.770761609 -1.537876844 -1.333158135
