15

H -2.246159792 -1.472637057 0.307910204
C 0.025255565 0.946255386 -0.186187923
O 0.004180543 -2.523767948 -0.048266720
H 2.542866230 -1.356778383 -0.369256884
H -2.587985754 0.137090862 -0.421345174
H 0.010003030 2.805249929 -0.598670721
C -2.006814241 -0.398095340 0.330198228
C 0.298365861 -1.362187743 0.002084947
O 1.978815079 0.177820772 1.025086641
C 1.698012710 -0.747734189 -0.040729828
H -2.242723227 0.024062691 1.311102033
N -0.605069101 2.026261330 -0.319947451
H 2.194825888 1.328091025 -0.798565388
C 1.523259997 0.690681994 -0.232676953
N -0.586833358 -0.274313211 0.039264843
