25

H 0.345085263 1.482087493 3.072651386
H -0.045483042 0.288532078 5.079343796
C -0.168903261 0.415921599 0.615688622
C -0.170741320 0.512882352 3.150957823
H -1.769025326 -0.756890595 -2.880425692
H -1.384846330 -1.490257263 1.875323772
H 1.858778358 1.205928683 -1.523091435
H -1.014953852 -1.150242090 -0.600638092
C 0.170668080 -0.323445082 1.922344685
O 0.221084535 -0.207467169 4.296608925
H 0.529594839 1.255043387 0.490719259
H -1.163604498 0.879128873 0.707421958
H -0.201343909 -1.496405005 -3.238878727
C -0.135484725 -0.494064331 -0.612864971
C 1.377140880 0.633032680 -2.309003353
H -1.254313469 0.709306359 3.157186031
H 1.977705717 -0.265582383 -2.482184410
H -0.670103788 -0.004881876 -4.041833878
C -0.071818776 0.259407818 -1.953792453
C -0.721170247 -0.546528578 -3.083209753
H 1.412770748 1.229717731 -3.228945255
H 1.240277052 -0.547113359 1.960716724
O -0.437838107 -1.605825424 2.015672445
H -0.648551404 1.190601587 -1.849411964
H 0.725076675 -1.172887683 -0.540355802
