20

H -0.039616965 -3.434410095 0.049575858
C 0.237817779 -1.652272224 0.644964874
O 0.736134410 -2.884276628 0.211375907
O -2.014873743 -2.229438066 -0.024893796
H -0.667413235 2.516523123 0.839045346
H 1.488087773 -0.765456021 -0.838393748
C 1.039937139 -0.462321460 0.108476929
C 0.006686244 0.679346740 -0.124970973
H 0.040014092 1.345437169 1.951319456
H -0.044339947 0.511911333 -2.285376310
H 1.841559172 -0.160733014 0.789277911
H 0.177458405 -1.605042100 1.753382325
H 1.103947997 1.708009720 -1.687089682
C -1.177175164 -1.368733406 0.144465849
C 0.122817725 1.767022371 0.942599475
H -2.153573275 0.434448898 -0.137440741
H -0.620326042 2.068712234 -1.680731058
H 1.084030151 2.283728123 0.872833788
C 0.114385188 1.275837421 -1.522663832
N -1.275557399 -0.028294647 -0.005757538
