21

C -1.288056731 -1.543690681 0.243364692
H -2.209286928 -1.817938328 -0.272664249
H 1.168712854 1.546636105 -1.435168862
C 0.841613233 -0.085859135 0.073343463
C -0.468508750 -0.564582467 -0.603916764
H -0.732070565 -2.454842806 0.454386681
H 1.071707964 -1.587198019 1.621157050
H -0.758309424 2.739330053 0.038231544
H -0.231795907 -1.039208412 -1.564452052
H -1.397572756 1.567915559 1.185122371
C -0.753936887 1.674449444 0.296738476
H 2.500225306 -0.602782905 1.321179509
H -0.983469009 1.177694559 -1.829854846
C -1.240364075 0.767534196 -0.849641263
H 2.047462225 -1.869223833 0.174106777
H -1.566403031 -1.097393751 1.213263273
N 0.606298089 1.248846531 0.694700539
H 2.556619406 1.289441586 -0.273542225
H -2.322224855 0.618242800 -0.844649911
C 1.502004266 1.127289176 -0.480758131
C 1.657355785 -1.094660521 0.839053929
