20

C -1.176579118 -1.123595238 -0.925113857
C -0.340792537 -0.464820236 0.187290072
N 0.015447191 1.608318090 -1.063910961
H 1.975162864 0.956485391 -1.806283951
C -0.621901095 -1.108281612 1.549482822
C 1.329204559 0.861832976 -0.934248269
H 1.542274117 3.032164812 -0.146832377
O 0.322444677 1.712170005 1.052092195
H -2.247459650 -1.013587356 -0.726307571
H -0.090018280 -0.582141042 2.339182377
H -0.309529454 -2.155733824 1.556259871
C -0.609632611 1.051095366 0.184646547
H 1.431285024 -1.290389419 -0.872877657
H -0.963351846 -0.676186502 -1.895842671
H -1.635188103 1.367950201 0.375160336
C 1.041268229 2.078847170 -0.127733409
H -1.691494823 -1.086027980 1.784791470
C 1.170680881 -0.459889442 -0.210588202
H -0.955753684 -2.192106485 -0.983730853
H 1.813933372 -0.516105056 0.664563894
