14

H -1.568911314 -0.388574332 0.963413298
N -1.493353844 1.111920118 -0.643526554
H -2.720197916 -0.653577030 -0.410389125
C 0.742661834 -0.109885715 -0.527521431
C -1.803530335 -0.200291902 -0.074762627
C -0.678385735 -0.035533998 -1.010056019
C 1.233510971 0.599157274 0.737355173
H 1.445666313 0.022217814 -1.357218742
C 1.866940379 -0.748510420 1.086181760
O 1.028993130 1.635373712 1.302163243
H -1.064492583 1.702517152 0.051624779
O 2.721961021 -1.196423054 1.768846869
H -0.800917685 -0.376033515 -2.025972128
O 1.090055823 -1.362356186 0.139861211
