19

C -1.217416406 0.839846432 1.877075553
C 2.821521759 -0.633495450 -0.797495246
H 0.860070705 -0.924820364 -2.683998585
N -2.775057793 0.072057895 -0.481760383
H -3.189857960 -0.475954384 0.271310419
H 3.081532240 -0.928989112 -1.804953218
C -1.376427889 -0.014454971 -0.504858136
H -1.786169529 1.763429046 1.680451155
C 0.472613484 -0.602368355 -1.725942373
N -0.852192640 -0.451011419 -1.656160951
H 3.398683786 0.260125995 -0.549761355
H 1.406304240 0.280870438 1.390413404
C 0.766810477 0.083999448 0.520517290
H 3.148861408 -1.427666545 -0.115954250
C -0.588359714 0.297857493 0.629457295
C 1.343162298 -0.377126515 -0.665431261
H -3.099030495 1.032224298 -0.331990570
H -1.941332817 0.147965729 2.313363791
H -0.473715365 1.057510614 2.635717869
