20

H -0.581000149 2.475525856 1.958536625
C 1.615017295 -0.201207116 -1.090898275
C 0.395392090 -0.956434786 -0.652927160
H -2.258055449 0.826624930 0.386089563
C -0.958342731 -0.602247119 -1.227636099
O -1.715354919 1.601499677 0.532148719
C 0.704070807 1.168997169 0.922831297
H 2.514890432 -0.767427266 -1.293356180
O -2.075068235 -0.862734318 -0.334272206
H 1.381912470 -2.598491192 -0.275580943
H -0.868356824 0.772188127 2.284012079
H 1.766597629 -0.657853067 1.041043520
H 1.496763468 0.686267436 -1.714233518
H 1.478442311 1.898891330 1.128778934
H -1.724739075 -1.096015811 0.525705576
C 1.142407417 -0.061994836 0.373615563
H -1.135378957 -1.234075427 -2.098543167
C -0.649743557 1.498872757 1.471510649
O 0.463760763 -2.335607767 -0.405886292
H -0.993214607 0.445221543 -1.530938625
