15

H 1.229585648 0.531917572 3.500307798
O 0.649939597 1.348587513 1.221967578
O 0.073015898 -0.781653345 0.840434074
N 0.869462967 -0.259768546 2.958733797
H -1.747628331 -2.160110235 -0.601574242
H -1.206439614 -2.327262163 -2.303128958
C 0.557855189 0.101211973 1.804439545
H 0.111231983 2.177572727 -1.868950725
H 0.763439953 3.104702950 -0.612926185
O -0.552020848 -0.641917229 -1.411481023
C -0.120536901 -0.052465685 -0.299502879
C 0.206635013 1.238102436 -0.088628173
N 0.132347077 2.362268448 -0.882208824
H -0.058595061 -2.622571945 -0.963351846
C -0.908292592 -2.018613577 -1.294130087
