15

H -0.874822915 -0.430626303 -3.347358465
H 0.260963261 -1.623061180 -3.176177740
N -0.401207685 0.230564475 0.467970699
H -1.798621774 1.087591171 1.787824035
N -0.541346312 -1.178680778 -2.754168987
C -0.186465338 -0.716838181 -1.483357191
H 2.165134430 1.001285791 2.994233370
C -0.749623358 0.838113308 1.619607329
C 0.895545125 -0.101308018 0.241949677
H -2.113735437 -0.265172511 -0.617189527
N 1.854644656 0.185545295 1.130144477
C 1.424158096 0.770383656 2.230084658
N 1.025285840 -0.720490277 -0.966059029
N -1.113376379 -0.202826560 -0.647710264
N 0.153468102 1.125520229 2.520206928
