22

H 1.505986214 -1.061635375 -0.380834907
H 0.109677218 2.424971581 -2.446665764
H 1.756135225 -1.299218178 1.341293335
H 1.776520848 1.520429015 -0.059573915
C -0.019645477 -2.235391617 0.601919830
H 0.200437069 0.151542902 -1.943409324
C -0.554286540 0.841359496 -1.535244346
O -0.086510874 2.185689211 -1.535014629
H 0.417639822 -3.179888725 0.251456052
H -0.168012261 0.134554133 1.877782941
C 0.983471334 -1.096635342 0.587462842
H 2.023862362 1.234372139 1.675710320
H -1.458229661 0.744642377 -2.167798519
H -0.398865789 -2.398905993 1.621322870
O -1.160111904 -2.017013788 -0.266523570
H -1.576034546 1.205382228 0.294463396
C 1.259407759 1.404567242 0.903187037
C -1.775763988 -0.813353896 -0.252825975
C 0.277407616 0.237470239 0.875478983
C -0.912110627 0.435851872 -0.095138043
H 0.764339745 2.346802235 1.120071888
O -2.965313435 -0.765591443 -0.467120647
