16

C -1.831459522 -0.489943564 -1.458646297
C -0.981846154 0.271870166 0.863684297
O -1.654848814 0.910384834 -1.471422434
H 1.877653599 -0.978982866 1.611680627
H 0.803016841 0.120988369 -2.188487768
O -2.128933430 0.337218523 1.291738868
C -0.751415491 0.139441997 -0.642387450
C 1.531368017 0.002247124 1.225326896
H -2.716357470 -0.836389363 -0.925617337
H 2.242736101 0.715031087 1.674176216
C 1.680310965 0.004271613 -0.275212884
H 2.696830988 -0.071534283 -0.660366893
H -1.568341970 -1.018474221 -2.371773481
C 0.153173804 0.290050626 1.703749418
H -0.002724434 0.515443683 2.743896246
C 0.650836766 0.088376239 -1.120338202
