17

N -0.302539915 2.259320736 -0.696166575
C -0.768743694 -2.015795469 -0.859974384
H 0.360026985 0.687204838 -1.976347685
H -0.185382634 3.048284054 -1.316636920
C -0.764469266 2.346081972 0.600069761
C -0.266345114 0.194952458 0.117410295
C -0.005199462 0.962435663 -1.005690813
N -1.304198503 -2.567821980 -1.718502522
H -0.557167768 -1.638180614 1.172402740
H 1.924636602 -1.376310945 -0.623330891
H 1.890248060 -1.239713550 1.136313081
C -0.079370834 -1.303160787 0.236340776
C 1.413463712 -1.713089705 0.285647362
C -0.749254167 1.072975397 1.127135396
H -1.048641801 0.799804151 2.128554344
H -1.076887965 3.285033226 1.030080318
H 1.519825697 -2.802020073 0.362695366
