18

O -1.000322938 1.083778143 -2.303222179
H -2.820855856 0.197700173 -0.246346876
C 1.565507531 0.074167505 0.652650952
C -1.077436447 -0.254774660 0.964978576
C 1.517322898 -0.034754962 -0.858019650
H 2.336362123 -0.707169414 -1.166719794
N 0.919913769 -1.164816976 1.232417941
H 0.427423179 0.677374482 2.509622097
C -0.942003131 0.404595226 -1.305727720
H -1.908619046 1.654647827 0.171101779
C 0.329197913 0.210120529 1.532245874
H -1.672735095 -0.654962480 1.787768841
H 2.475576162 0.395210862 1.153846502
C -1.809599400 0.589622915 -0.062164482
C 0.109312199 -0.695758998 -1.056770563
C -0.182105914 -1.234404564 0.271500617
H 0.112365499 -1.440161824 -1.870400667
H 1.620696068 0.899586022 -1.406761765
