23

C 1.001899838 -0.315351963 0.999392450
C 1.613875389 0.910385668 0.353395164
H 1.092691422 -3.104520559 -0.263687372
C -1.245570779 -1.076887965 0.300390154
C -1.015719652 0.626711428 -1.734127402
H -1.445103526 1.512287140 2.001507282
H -1.899112821 -1.682637215 -0.327734917
H -1.855049372 1.335278392 -1.630625963
H -0.801197827 2.820434332 1.003953218
C 0.237966016 -1.133296251 -0.035029050
H 2.225603104 1.533907175 1.000326514
H 1.977715492 0.850894034 -0.670613110
C -0.587984681 0.091015190 -0.399088264
H 0.128346950 2.225754738 2.392099380
H -1.556048989 -1.028441072 1.330642581
C 0.139348626 0.909142613 0.680927277
H -0.196127564 1.163897276 -2.231119633
H 1.357457161 -0.679391384 1.957436204
C -0.532548249 1.919665694 1.563638568
H -1.347441912 -0.167628691 -2.408885717
H 0.127615646 -2.575450897 -1.639800906
H 1.745945454 -1.907515764 -1.372156739
C 0.833440423 -2.228252172 -0.870840430
