17

C -0.208234370 -0.747196913 -0.644326508
C -1.086969256 1.643043876 0.174219504
C -0.775755048 0.696826875 1.294578552
H 0.256194025 0.861403883 1.649874091
C 1.775702477 0.081139967 -1.022374988
C 1.238963604 -1.295711279 -0.812153220
H 1.575362325 -2.249145746 -1.200163126
H -0.438726991 -1.463722825 1.419360638
H -1.439575672 0.842335165 2.154851675
H -0.853139222 -1.045314193 -1.474456668
O 2.005023479 -0.676406205 0.222116947
H -1.946471214 2.303012848 0.271340340
C -0.890803754 -0.742314398 0.728151560
H -1.948794723 -1.002266526 0.625180840
N -0.340226561 1.758032799 -0.905020177
C 0.392198831 0.609200239 -0.975464284
H 2.685251474 0.427082390 -1.505715370
