16

H -1.728359818 1.831927776 2.621631622
H 0.102847137 -1.010012627 -3.029225826
C 0.602625847 0.349802136 0.748588860
N -1.494092941 0.682378232 0.258970290
H -2.457900524 0.983098030 0.248205751
C 0.573448658 -1.677619934 -2.294454336
C -0.575085402 0.876283169 1.248550296
N -0.835738301 1.379810929 2.505058765
O 1.154186606 -0.914361775 -1.239412785
O 1.838662624 0.378851026 1.337353468
C 0.261314839 -0.226833493 -0.486653060
H 1.404156566 -2.225631952 -2.752572536
H -0.186725348 -2.366222858 -1.923165321
H -0.096898161 1.987140656 2.848547459
H 2.450214386 -0.034956757 0.714830160
N -1.012656569 -0.013652944 -0.806252062
