16

C 1.174131393 0.458643615 1.791615248
C 0.840290368 -0.961356580 -0.272714764
H -1.194883823 -1.841152668 0.276643217
H 1.338047266 1.263263583 -0.171272561
H -1.380392671 0.913147926 0.905331612
H 1.369638205 -1.707438111 0.325548440
H 1.223782420 -0.995360613 -1.296597719
C -1.254237771 0.644241691 -1.351482868
H -0.574964225 1.162141919 -2.039736509
H -2.256007910 1.064317584 -1.466058254
O -1.261590719 -0.791350842 -1.559715271
C -0.709922135 -1.025548220 -0.262309760
O 0.425332636 0.530929923 2.725711346
H 2.273908615 0.313936412 1.943022728
C 0.758030772 0.481523573 0.332389563
C -0.771161795 0.490060687 0.119625695
