16

C -0.412746161 -0.163642377 -0.127796337
C -0.326907545 1.292881131 -0.452643096
H -2.422756433 -0.503848493 0.576275587
H -2.055034399 -1.255768418 -0.979750097
H 2.285355330 0.656923950 1.816898584
N 1.356757522 0.400539637 -1.601267576
H -0.377551526 1.098341346 1.810490012
N 1.896501303 -0.714413643 0.312829614
C 0.179590911 0.743932068 0.948092639
H -1.141705155 1.998440146 -0.473893523
H -1.421973705 -1.952715755 0.511997581
C 1.594176531 0.238846585 1.096990943
H 0.851153910 -1.633545756 -1.296931863
N 0.742491603 1.494699001 -1.378595352
C -1.647789478 -1.009322762 0.003833517
C 0.900437176 -0.691346586 -0.766530633
