16

H -2.043489456 -1.754068136 -1.787686467
C 0.101313218 -1.526702166 -1.635411143
C -1.222726464 -1.250549197 -1.286512613
C -0.595976233 0.280985624 0.310058922
H 1.803638697 0.579920948 1.753263235
C -1.071030855 1.272462249 1.343730450
N 1.859428644 0.663424909 0.752993047
H -1.758333564 1.990942955 0.887393355
C 1.118330717 -0.874240816 -0.939978361
H 2.159336090 -1.065658689 -1.153916955
H -0.246062875 1.816876292 1.786391616
H -1.613489628 0.761146903 2.129065514
H 0.327857465 -2.230890989 -2.410165548
N -1.568492055 -0.369900942 -0.356346816
H 1.966470242 1.649529457 0.537564814
C 0.783226192 0.056721427 0.069556981
