16

H -2.204581738 -0.402939796 2.078280210
N 0.831904054 0.281920820 -0.359214604
H -0.454297423 -1.645194888 -2.457684040
C -0.361121327 -0.068370022 0.147754893
H 1.753523707 -0.908931673 -1.832989573
H -1.193540335 0.014045853 3.309526205
H 1.269742370 0.717507541 -2.383438349
H -0.984771669 0.026588148 -2.697839737
O -1.153684974 -0.706528306 -0.757202387
C -0.446205795 -0.637965739 -2.027746677
C -0.392019004 0.298731536 1.485606790
C 0.995945811 -0.120120719 -1.732674956
H 1.290156245 1.224615455 2.610220432
N 1.644439459 0.830571711 0.563767433
C 0.893714786 0.828299761 1.680943847
N -1.489204049 0.267770469 2.372690439
