21

O 0.492848307 -2.290143013 0.640431046
H 0.135972440 0.449326545 2.474594831
H -1.315677166 2.642364740 -0.302934974
C 0.702855349 -0.912067592 0.870510638
H 2.243624449 0.349014789 -1.108333111
H 1.020910740 1.483507037 -1.661048889
C -1.168560386 0.448077708 -0.405659497
C 1.354570746 0.903012812 -0.803254485
H -1.068844318 -1.630780816 -1.169138312
H -1.043767214 -0.848418176 2.176831484
C -1.489119172 1.778053761 -0.988368690
C 0.024363887 -0.601974308 2.201985359
H 0.887647152 -2.543640375 -0.193242624
H -0.566413820 -0.337493986 -2.365565538
H 0.463929683 -1.209828734 2.993233919
H 1.661480188 1.597523212 -0.013005156
H -1.828647614 0.161242098 0.407830149
O -1.871267557 1.960105300 -2.107802629
C 0.272806436 -0.048404653 -0.324159026
H 1.780282497 -0.718596995 1.014854193
C -0.688993931 -0.630879581 -1.337758422
