23

H 0.600623012 2.385066986 -0.802888215
H 0.813874781 1.124433756 -2.987464428
H -0.683141828 -2.082802773 1.386270165
C 0.260113627 1.359404206 -0.890253186
H 0.604765832 -2.093507051 -0.773362637
H -1.595464826 1.290629745 -2.363774300
C -0.915158808 0.794186413 -1.696839333
C -0.522576094 1.376785874 1.515596986
H -1.250306964 2.148009300 1.206293225
C 0.847653151 -0.552674234 0.836745024
H 0.955505669 -0.438449979 -2.070628405
C -0.134913281 0.493822545 0.341572821
H 1.707635880 -0.108535163 1.340596080
C 1.142188430 -1.852273583 0.130159736
H 2.167427778 -2.209156752 0.121253893
C -1.366412878 -0.018307159 -0.480944455
C 0.378267437 -1.866425991 1.420750618
H -1.471103907 -1.098144174 -0.639101207
H -0.976561904 0.801334560 2.326984167
H 0.346411943 1.904513478 1.935422063
C 0.506715477 0.553476691 -2.115495920
H 0.878112495 -2.260734320 2.303361416
H -2.293655157 0.349347323 -0.044254225
