20

H 2.008432865 -1.659925222 -1.171626449
N 0.508444369 0.612081707 2.066271544
C 0.281030595 0.155946940 -0.337657720
H 1.827030420 1.143143415 -1.192217708
H 2.764530182 -0.586510360 -2.396396875
H 0.743104219 1.513370991 1.644398689
H -1.765185118 0.273433924 -1.298687577
H -1.052121639 2.380639315 -0.450834602
H 1.143602014 -1.237560868 -2.676524401
N 1.239961028 0.314381987 -1.256420135
H -0.368743658 0.736493409 2.577943563
C 0.263171464 -0.396628350 1.042170167
O -2.071256161 -0.592658818 1.853364110
H -2.960859776 -0.370403260 1.530762076
C 1.824563026 -0.851182938 -1.904427886
C -1.203019500 0.445285410 -0.357169390
H 0.880197167 -1.282562256 1.260531306
O -1.456072807 1.753625631 0.156885102
C -1.240132213 -0.691860318 0.711485207
H -1.366676331 -1.659110308 0.198151335
