17

C 0.101220258 0.116794303 -1.243838191
N -0.014183934 1.488738656 -0.706468046
H 0.332284927 -1.643645167 1.725259185
O -1.887047410 -0.978554904 -2.111283064
H 2.030879259 1.625227928 -0.195873827
H -0.886601031 1.728312373 -0.235072106
C -1.140595675 -0.779394627 -1.199638247
O 1.078369737 1.700491071 1.543652534
C 1.103633165 1.226598144 0.232966334
H 0.259047300 1.376697898 1.953007221
C -1.272130370 -1.326828599 0.182994545
C 0.974572539 -0.305553734 -0.020063093
O -1.187255740 -0.267368704 1.162967086
H 0.587152481 0.093864635 -2.222918510
H 1.883658051 -0.882300019 -0.171790853
H -1.950618625 -2.139201164 0.406236023
C -0.012384908 -1.033877492 0.899863064
