16

H -1.305570602 2.154015303 -2.063644886
O 0.235886142 1.105131865 -2.812989473
C 0.131170020 -0.623889327 2.111308098
H 1.308966279 -1.836512208 0.863294661
H 1.748172522 -0.145511746 0.844176829
H 0.774397254 -0.513077199 -2.220034361
C -0.467964858 0.797452748 -0.528331161
H 0.137764260 1.497071028 0.055873148
C 0.897305548 -0.826437712 0.897181928
C -0.520119607 1.384560943 -1.912327170
H -1.475328207 0.852587581 -0.098356925
H -0.787597120 -1.321457148 -0.357856542
C -0.549815595 -0.468739748 3.096132278
H -1.136775613 -0.336524427 3.969670534
C 0.082002178 -0.649708092 -0.405745506
O 0.927507281 -1.068962097 -1.438351989
