20

H 3.783124447 -0.521398902 -0.168530583
C 0.652194440 -1.009954929 0.882763743
H -1.898088932 -1.336924195 -0.527290523
C 2.718607903 -0.526092470 0.018212572
C -1.681529164 -0.480117083 -1.187896967
H -2.737241507 1.515320182 0.447402656
H -0.136934847 -1.548013091 1.377812147
H 2.449250221 -2.126559496 1.475311637
H -1.949864149 0.328054279 1.508954287
O 1.241257191 1.341557264 0.417464584
H -1.094460607 -0.839497685 -2.026022196
C -1.772544742 1.137208462 0.779582143
C -0.949627399 0.623773694 -0.425520152
H -0.790147483 1.470117211 -1.105026484
H -1.240061760 1.936028361 1.284521103
C 1.757154346 0.438839912 -0.561230481
H -2.642985582 -0.110124312 -1.563459516
C 2.003374338 -1.341751218 0.872857809
C 0.422586411 0.199697718 0.062432662
H 1.865937591 0.849836409 -1.562338591
