17

C 0.259627998 1.601733088 -0.450677842
H 0.048003908 -0.858192980 -1.997186065
H -1.644648552 -0.040113874 1.348455787
C 0.818020701 -0.578717232 0.161695361
C -0.201313600 -0.621533334 -0.976219535
O 2.163847446 -0.898678958 0.297515213
H -0.970248818 -1.826016068 0.813402414
C -1.108918786 0.765574872 0.838497519
H -1.516949058 1.726765990 1.180274010
C -0.990428805 0.691702664 -0.700034022
H -1.782044768 0.965001047 -1.373014331
C -0.175948083 -1.692880034 0.078372963
H 2.588705540 -0.920137763 -0.529352784
C 0.439557672 0.756700695 0.856052458
H 0.241256550 -2.641360521 -0.261981547
O 0.795456588 2.509242296 -0.995649576
H 1.036023974 1.060910225 1.709849834
