14

C 0.918267846 1.072989225 1.617089272
C 0.245101333 0.022402495 0.894498944
H 2.038695574 -0.634401977 -0.439459741
C 0.971989334 -0.467670202 -0.383837938
N 1.462162614 1.888656735 2.215667486
H 0.179511458 -1.782499194 -1.952732444
C -0.678403974 0.500854075 -0.304971129
H -0.211771131 -0.710508943 1.556025028
O 0.502845705 0.731101274 -1.090393662
C -0.014415588 -1.503784060 -0.910817802
C -1.651082754 1.559982419 -0.134558275
H -0.119905539 -2.401467323 -0.302340478
N -2.414335728 2.409240723 0.065910146
O -1.228659034 -0.684894800 -0.830079377
