21

H -0.440285861 0.373488963 -2.010811090
H 0.034749508 3.344331741 -1.317566991
H -1.679313779 1.565396667 -1.737831831
N 0.043588370 -0.005021901 0.533640087
C 1.015582919 -1.172002077 1.896848321
C -0.434063286 -1.158480048 1.347158313
H 2.127970219 0.552542031 0.968316495
H -1.738415599 -2.233122826 -0.009716734
C -0.678371727 1.265769005 -1.424020410
H 1.922998428 -0.870751143 -0.099892259
H -0.978324652 -3.249249935 1.219768167
H -0.028921735 -2.686675549 -0.162227571
C 0.315966517 2.387825251 -1.787705183
H 0.349300891 2.557649851 -2.868240595
H 1.321389318 2.139142513 -1.450751543
C -0.812941611 -2.411991835 0.544073105
C -0.709904730 0.933403194 0.018284597
C 1.479573131 -0.285664171 0.722250402
H -1.422644854 1.439037561 0.664645195
O 1.519872904 -1.599947453 2.886551619
H -1.207804441 -0.885679483 2.067228079
