16

O -1.677423239 -0.209357664 -1.558903337
H -0.440929860 -1.021956325 2.257593155
C -0.108177312 -1.581004500 1.374529004
H 1.723545671 -0.017288096 -0.104508258
H 1.316577792 2.117296696 -1.242295384
H 0.950038970 -1.841558814 1.540049195
C 0.729124665 1.222534418 1.230778217
H -0.434278011 1.904347420 -1.150176644
H -2.464496613 -0.661559165 -1.881813765
N -1.111309767 -1.122960329 -0.701418042
N 0.721886039 1.839236617 2.214578629
C 0.515239954 1.374013186 -1.219150901
H 0.514548421 0.804843843 -2.153081894
C -0.265070498 -0.735140860 0.135062948
C 0.718875945 0.428586185 -0.021270283
H -0.688152373 -2.500032187 1.280027390
