18

N 0.709764779 0.862158000 -0.157559067
H -0.783271253 -1.155710220 1.134512663
C 2.271152735 0.081975386 1.586625814
O -2.284448385 -0.614838898 -1.807263494
H 1.226168633 -1.202135444 0.242686450
C -1.077242017 -0.637279987 -1.074443340
H -2.726636887 0.232502893 -1.636322021
H -0.543298125 -1.527912498 -1.417528152
C -0.642552555 0.939125896 0.341935545
H 1.912078738 1.022735119 2.041917324
H -2.333502531 -0.426013917 0.718239486
C -0.340613991 0.710345328 -1.125834346
C -1.281431556 -0.456234902 0.466319978
H -0.968776405 1.840471029 0.840509832
O 3.082762003 -0.648768544 2.110912323
C 1.658620834 -0.201476321 0.224203497
H 2.469445944 -0.191701174 -0.509633660
H -0.348219484 1.372758150 -1.979278564
