15

C 1.252853990 -0.826425374 -0.055755761
C -0.433294684 1.000302196 0.750361919
H 1.024552703 0.681444287 -1.681102991
H 2.005622625 -0.227163613 0.432420552
H 0.356691122 -0.962730050 -2.108505011
H -0.299664915 0.844236255 1.824997544
H -0.965719163 -1.002874851 0.013389242
N 1.585290313 -3.388397932 0.222586915
H -2.196592808 1.524608612 -0.531410813
C 0.620872796 -0.257271260 -1.324892163
C 1.430514574 -2.250675917 0.092072129
O -2.593651056 1.828274965 1.431276083
H 0.251429409 1.803331971 0.433919996
C -0.177724808 -0.265559971 -0.045366257
C -1.861179948 1.498900652 0.546008527
