21

H -2.570046902 -2.547736645 -1.684128881
H 1.268322229 1.280705452 -1.563482046
C 2.235229969 0.384361148 1.858486652
C -0.412095726 0.114172265 -1.001512408
C 0.109221667 1.703328371 1.118806243
H -0.931209445 0.744577289 -1.701294065
C -1.208206773 -1.162103534 -0.720528543
C -2.001927853 -1.649210691 -1.923017025
H 0.539056063 2.675048113 0.883719444
H 0.185734048 -0.361800164 1.975012660
H -1.881046057 -0.980939627 0.119514838
H -2.725291014 -0.894041419 -2.258594990
H -1.356574178 -1.864730000 -2.778592110
H 2.712263584 -0.564192533 1.640082955
C 0.798926651 0.391790360 1.462262273
C 0.332469523 0.682264686 0.101999462
H -0.786755443 1.839476824 1.720702410
H -0.499130994 -1.934479952 -0.394452006
N 1.072574854 0.395229757 -1.099290371
H 2.345539331 0.578794360 2.927304745
H 2.772946119 1.169485927 1.317000151
