17

H 1.964668989 -1.850831985 0.812448025
H -2.299504280 0.866117299 -1.523792267
H -0.725242198 1.314544678 -2.196455479
C 0.984564066 -1.859062910 0.317024559
H 1.351133108 -0.025642565 -0.755350828
H 1.418987036 0.816903055 1.474694014
C -1.229646087 0.974076688 -1.267817140
C -0.678857982 -0.418738067 -0.961067319
O -1.176683784 -1.415865898 -1.428534389
C 0.428761661 0.528676569 1.106120110
H 0.255873561 -2.294938087 1.009151459
N -1.088056087 1.992643595 -0.243054688
H -0.061741192 0.004874292 1.943164468
H 1.041393995 -2.507112503 -0.567197978
C -0.383133411 1.767267823 0.797784030
H -0.369537652 2.553364754 1.568699121
C 0.567019939 -0.446276873 -0.085815541
