17

C -0.770370305 -1.933028102 -0.482946754
C -0.551602066 0.078029595 1.225816727
H -1.094994664 2.146248102 0.949143887
H 1.707384109 1.918173909 -0.036938440
H 0.360862434 1.916077137 1.930436969
H -0.030288540 -2.712393999 -0.700114787
C 0.674357772 1.597536325 -0.239986777
H 0.257416546 2.295772076 -0.971794009
C 0.714773536 0.195398867 -0.824953437
O 0.560782671 -0.811198533 1.358582735
C -0.181193471 1.539210320 1.057443976
N 1.360695004 -0.129015684 -1.879132628
H -1.433296442 -0.217952073 1.799004316
H 1.312435865 -1.122413993 -2.088800907
H -1.316771507 -1.715886474 -1.405855536
H -1.476123691 -2.342475653 0.250373513
C -0.094066836 -0.702082276 0.059721168
