18

N 1.059247971 0.063564949 2.698196650
H -0.068805203 -0.210704401 -2.971374512
N 0.744944751 -0.077723302 -0.960930049
C 0.148958027 -2.059230566 0.439670414
C -0.366642207 -0.030243501 -1.948648691
C 0.465457469 0.108601689 1.600108147
C -0.716101110 1.617326140 -0.027308524
H -0.284001321 2.494130850 0.445111215
H -1.313020945 -0.464623213 -1.654265881
H -1.772051930 1.836125255 -0.244625717
H 0.636381805 1.943273544 -1.782243848
C 0.272277862 -0.546845138 0.324440747
H 1.411898732 0.957403004 3.017629862
H 1.132411838 -2.507280111 0.293693841
H -0.210328147 -2.345876217 1.423447132
C 0.059963349 1.202536464 -1.249246001
H -0.516209006 -2.458584785 -0.320754856
N -0.684381604 0.478149176 0.917100251
