20

C 0.423085928 -0.534310400 0.703292787
H 1.477824330 -0.478777736 3.122535467
C 2.365794182 -1.826072574 1.582515478
H -2.383920431 2.942858934 -2.093651295
C -0.801250935 -0.020928169 -1.140017748
N 0.954807162 -1.620697141 1.348851442
C -2.347911119 1.874751687 -1.877598643
H -0.907053232 -0.621761978 -2.064568043
H -2.711443663 1.338782668 -2.760233641
N 0.012704358 2.254516602 -1.621791124
H 2.726583481 -2.840890884 1.460731864
N 0.463402808 -0.391457319 -0.559745967
H -0.097154565 0.187044904 1.360816479
H 0.896712601 1.751871467 -1.708827019
H 1.122562170 -2.254152060 3.416583300
H -1.659700036 -0.324072093 -0.501541436
C -0.962711513 1.441802263 -1.531047821
H -3.042651176 1.660321116 -1.055699229
H 3.035276413 -1.046191454 1.210492492
C 1.435043335 -1.492637873 2.708903551
