22

H 1.582284927 -1.916488051 0.380618930
H -3.370166302 0.512310624 -0.544176459
H 0.636749446 -0.099657878 -2.428279877
H -3.337231874 1.623454571 -1.913561106
H 3.203268290 -0.080788068 0.088745214
C 0.419605702 -1.050387502 1.962830663
H -2.626703739 2.109831333 -0.374952197
C -2.762517214 1.257792473 -1.057205558
C 0.594326317 -0.334187359 -0.538265586
H 3.154990435 -0.628423274 1.783211350
H -1.078189254 0.199202359 0.535693884
N 1.243395686 -0.379983157 -1.652845263
C -1.435537338 0.686442018 -1.505879164
H -0.482337415 -1.629605293 1.775236130
C 2.580608368 -0.131878108 0.989575446
N -0.660553575 0.181568727 -0.379214793
H 2.361758709 0.884567738 1.318985701
H 0.132885918 -0.068665653 2.368006468
H -0.841846108 1.456378222 -2.025270939
C 1.287561774 -0.911362469 0.697680354
H -1.589199185 -0.118311778 -2.231735468
H 0.986846805 -1.561809540 2.750802279
