20

H 1.351701498 0.731442213 -1.689845562
C -2.109453201 -0.858596444 -1.427724957
H -2.479694366 -1.250945091 -0.474734843
H -2.900025368 -0.254091829 -1.892955303
C -0.592649281 0.020632103 1.499673963
O -0.109914012 -1.064305305 0.692502737
H 0.384401649 -1.537649870 -1.192914128
H 3.243127108 0.522959650 -0.409486920
O 0.805815637 1.546182275 0.079039842
H -0.609780073 -0.339369237 2.532611609
H -1.868172765 -1.702740312 -2.078957319
H 1.141789794 1.172067881 2.082520485
C 0.107041724 -0.633181155 -0.642039299
H -1.614218473 0.258663774 1.179672480
H 2.494077682 -0.279739320 0.794295669
C 1.231708169 0.413331956 -0.655456781
C 0.297328204 1.262850404 1.390064478
H -0.276983142 2.139649153 1.686653256
N 2.497796059 -0.139430940 -0.213265151
O -0.993897378 -0.007730183 -1.259654284
