21

H -1.374204516 -1.239964962 0.418686241
O -0.558246553 -1.132816911 -1.427350044
H 1.054154396 0.115717247 -1.363667607
H -0.832484424 -3.100225449 -2.064150333
H 0.805639446 4.023358345 1.588591099
H -0.601650476 3.607975721 0.554917634
H -0.904235125 1.321327686 -0.014347646
H -0.904703557 0.806555212 1.696373105
O 0.148740560 -2.621699572 0.205245793
H -0.349277973 -1.896042585 -3.295911551
C 0.551037252 -0.202844426 0.453883111
H 0.847058475 -2.529753923 -2.125546694
H -0.630617857 3.201205730 2.292885065
C -0.378164053 -1.336106300 -0.049681682
O 0.666662216 2.049743652 1.147056103
H 0.281996518 -2.700851917 1.152219176
C 0.015188014 3.280193567 1.409965992
O 1.512838840 0.121044770 -0.510433078
C -0.195777789 -2.228333950 -2.258921623
H 1.093655586 -0.569142759 1.348374486
C -0.247608766 1.030661464 0.841812670
