17

N 0.134139732 -1.758423686 -3.980536699
H 0.953141570 2.319850683 1.523802280
C 0.230847284 -1.473173618 -2.879260540
O 1.121598721 0.042422764 -1.186565757
H 0.716302335 -2.006000280 -0.916671991
H -1.385515213 1.084538460 1.975906372
H -1.608613849 -0.074052058 -1.492791533
C 0.128035381 0.563620865 -0.264540315
N 0.731201768 1.576313615 2.056746244
H 1.275128365 -0.404784173 1.340148807
C 0.332707554 -1.134839892 -1.453012228
H -1.403911710 -1.087247014 -0.037906595
C -0.891050756 -0.481719762 -0.785601616
C -0.401680768 0.716091454 2.257214308
C 0.550343752 0.385217786 1.163983345
H -0.391881108 0.129805461 3.166557074
H -0.090793341 1.602379203 -0.487471312
