18

C -0.392870158 2.160412550 -0.788786352
H -2.279431343 1.225796461 -1.300915599
C -1.202576280 1.004432440 -1.382010102
H 0.667137444 2.095190287 -1.038582683
C 0.012425993 -0.672723293 0.064401738
N 0.873984635 -1.949824810 1.726673603
H 0.973665178 -2.654319048 2.433058262
H -0.998163521 0.943595171 -2.463410616
C -0.307242364 -1.748673677 1.001085162
N -0.972856879 -0.302347571 -0.789983571
H 1.942433715 0.417518288 -0.255187213
H 2.852330446 -1.126868963 1.707520604
C 1.859578609 -1.114941835 1.281016469
H -0.480921209 2.190896511 0.302915663
H -0.770312786 3.106866598 -1.197435379
C 1.354506969 -0.318934113 0.267882645
O -1.355910301 -2.358477592 1.133264303
H -1.775778294 -0.897598028 -0.701507270
