18

C -1.537383318 -1.169930339 -0.249512538
C 0.112174496 0.138382107 1.163913965
H -2.225194216 0.540576398 -0.785337806
C 3.081044674 1.691351295 0.018216208
C 0.489718616 1.061504006 0.007587813
C -1.036325455 -0.812354505 1.127650619
C 1.910082221 1.427316070 0.019021116
H -0.126404583 1.963919759 -0.010796790
N 0.383822888 -1.246432781 0.787468135
H -1.515968323 -1.117749453 2.054177046
H 4.110149860 1.928297639 -0.006197831
O -2.484710932 -0.380547196 -0.892573118
H 0.347105980 -1.902741432 -1.344950438
H -0.285228699 0.561993361 -1.904826999
C -0.041968305 -1.119197607 -0.695959866
H 0.441044122 0.440601945 2.149530411
N 0.285961509 0.201248735 -1.164057374
H -1.907920837 -2.206238508 -0.273352981
