16

C -0.198143944 -0.449818730 -0.372564852
H -1.323319077 -0.303964227 2.195173740
N 0.986936390 2.535217762 1.865207195
O -0.944632828 -1.368587971 0.425744772
H 0.024388114 -1.476758718 2.306377411
H 1.861746907 0.120603010 -0.726130784
O -0.128032744 0.872714162 -2.417917013
C -0.869320214 -0.043795004 -1.657440305
C 0.382135153 0.234330550 0.900385618
H -1.005462766 -0.927283525 -2.294423580
H -0.104711257 1.721389890 -1.958310246
H -1.872758269 0.320978910 -1.413253546
C 0.721201599 1.505063891 1.409662366
C -0.493500382 -0.764035761 1.659761786
C 1.255772948 -0.516289055 -0.108959571
H 1.707700491 -1.459765315 0.186686948
