22

H -3.645639420 1.690582037 -0.717534423
H -0.956785381 3.189112902 -0.506186306
N 0.056320686 -0.979885340 2.365297794
H 2.767940760 -2.049994230 -2.478138208
H 1.965267181 -2.125108004 1.086516380
H -3.124473810 2.657492638 0.681728780
H 3.419802189 -0.847009063 -1.323693037
H -0.852602839 -0.649141669 2.674196959
H 2.111528397 -0.402798474 0.661170542
C 1.530549884 -1.322459221 0.464336693
H -3.422179461 3.442374229 -0.891778529
H -0.496459812 -1.963928938 0.516119301
C 0.074312858 -1.095095396 0.894699812
C -0.972800434 1.120097399 -0.199126244
C -3.030936956 2.542167902 -0.403576195
C 2.856492043 -1.787487149 -1.415928841
C -1.557371974 2.322293043 -0.795961678
H 3.426112413 -2.584302425 -0.902390420
C -0.498275548 0.116601259 0.285235256
H 0.275922924 -1.863044143 2.797405720
O 1.550505757 -1.661108255 -0.898641169
H -1.477229834 2.250641108 -1.893751860
