14

O -0.865172625 -1.840826392 1.879053831
H -0.791188061 -2.607200146 1.277472615
C -0.421964347 0.579462707 1.691891313
C 0.639089584 0.937497616 -1.668683767
C -0.478883445 -0.752751946 1.187356114
C 0.028074419 1.395543575 0.702892840
N 0.480275869 -1.248052239 -2.401197672
H -0.682124317 0.882992089 2.699331760
H 0.874450982 1.962800980 -1.922080517
H 0.210148886 2.455036879 0.702941418
N 0.245720655 0.626658618 -0.430682480
O 0.083837859 -1.657293439 -1.024194241
C -0.058136269 -0.705465198 -0.120902605
N 0.735870779 -0.028402168 -2.573197842
