23

H -1.750892639 0.742670536 0.371677905
C 0.808038890 -2.376693726 1.689841151
H 1.749527693 3.478277445 -0.325627983
H -1.278460026 0.648131490 -2.427628994
H -0.944179654 3.088419437 0.364242762
C 0.704582393 -1.752277851 0.291500360
H -0.355417490 2.938610554 -1.301089525
H 0.632708848 -1.633342981 2.471920490
O 0.940681040 3.703874350 0.134309262
N -1.262317419 0.079461224 -1.586960077
H 0.927472293 -2.512722969 -0.470657498
H 0.080992922 -3.186042786 1.819434524
H -1.417129278 -1.584577799 0.685648918
H 0.671564519 1.237487078 1.035863400
H 1.117370844 1.057370305 -0.663744092
C 0.288595170 1.334762096 0.008726662
C -0.881405115 0.382372171 -0.197388500
C -0.682843745 -1.161494017 -0.008884020
C -0.075633377 2.792809725 -0.237620756
H 1.811412096 -2.807232618 1.857950330
H 1.485336781 -0.975921810 0.180277810
C -1.163610339 -1.295562267 -1.468920112
O -1.406394243 -2.198377848 -2.222872257
