15

C 1.841194510 1.124962807 -1.013366461
H -2.895148993 -1.092771292 0.178116933
O 1.139650702 -1.924861193 -0.926638365
C 1.338481784 -0.764794648 -0.941123426
O 2.229121447 2.233561516 -1.090425968
H -1.644205213 0.083531819 1.953008413
H -1.521551371 -0.839573324 -1.016095042
C 0.021627937 0.780953825 0.750091732
C -1.100018263 -0.172282785 1.047267199
C -1.846912146 -0.896174967 0.013843332
O 2.268903971 -0.028770929 -1.685265899
H -0.407990664 1.754693747 0.493214071
O -0.931519628 -1.576465368 0.872315705
N 0.898595154 0.393957585 -0.306150436
H 0.609771013 0.924033463 1.671208262
