17

H -1.073532701 1.867252827 -0.763856709
N 0.436157316 1.007420540 2.977417231
C 0.329252392 -0.960702300 -0.629613578
H -1.305102348 0.649595380 -2.046764374
H 2.428064585 -1.323064208 -0.111236252
H -1.874985337 -0.992040098 -0.325420946
H 1.430190086 -1.034174800 1.344683170
H -2.261026382 0.400190979 1.526538372
H 0.232062161 -1.827577472 -1.283592224
C 0.679675281 0.451634943 -1.148948312
H 1.236478209 0.692960143 -2.056323051
C 1.533572674 -0.812726200 0.281189203
O 1.555950284 0.605565548 0.011841548
C -1.230733633 0.186761409 1.270757318
C -0.814233422 0.855904818 -1.092123628
C -0.279944420 0.584615767 2.146737337
C -1.021844387 -0.351617604 -0.101284549
