22

C -1.031649828 -1.716833830 -2.558226109
C 0.182818398 -0.475827932 -0.665409148
H -1.865071774 -1.148660302 -0.650275767
H 2.526293516 1.223710656 2.382356405
H 1.158686161 -0.884024620 -0.975465298
H -1.277320147 -0.783241272 -3.069251060
C 1.546464562 1.677564263 2.276898623
H 0.265891403 1.481148124 -0.873316288
C 0.564290404 1.065260768 1.417857766
N 1.149806499 2.256926298 0.960430145
C 0.231857762 -0.245912135 0.841985345
H -0.097564436 -2.092726707 -2.984311342
H 1.922658563 2.109124184 0.292486429
O -0.040525626 0.713242829 -1.385666013
H -1.241570711 0.339488238 2.465238094
C -0.832793593 0.631736040 1.504341960
H -1.814435959 -2.449228764 -2.781723499
H -1.547630668 1.109943390 0.836585343
H 1.227983594 2.249608040 3.154019833
C -0.896941304 -1.492192268 -1.046820760
H -0.672950327 -2.435870409 -0.539899170
H 0.541703701 -1.133234143 1.398164630
