20

H -0.017032698 -0.919904530 -2.136404991
C 1.259495497 0.026089668 0.652940631
C 2.500734329 -0.417033494 0.127564803
C -1.017908812 -0.646593213 -0.181471273
C -0.074997932 -0.089850932 0.857125521
H -1.016478658 -1.745152593 -0.120473519
H 3.009686470 -1.277086139 0.572548389
H -2.627212763 0.798404276 -1.996177554
H -1.427815437 1.118993044 2.022644997
H -2.036837339 -0.331684977 0.062652342
O -0.524855912 1.113520980 -1.909291267
C -0.718266249 -0.269842088 -1.622108936
H 2.784507275 -0.234235242 -0.907712102
H 0.111685917 0.765484393 2.811843634
C -0.657437444 0.343001425 2.160930872
H -1.718949437 0.301988304 -3.503376484
N 2.313942194 0.794414222 0.969140947
H -1.143973708 -0.497952133 2.678816080
H 2.700967073 0.703805745 1.896341205
C -1.699252129 0.463633299 -2.435532808
