22

H -2.372045040 0.701989651 -0.799298227
H 0.812366426 2.045528173 1.596487045
H -0.249490887 -1.491511106 1.450059414
H -1.782965183 -1.047452092 2.218932390
H -1.423791885 -0.804982007 -2.272637367
H 2.448924303 -0.198808864 -1.075717211
H 1.960945845 0.823255301 1.032912970
C 0.287814945 0.070574678 -1.174660683
H 0.362678051 0.776761055 -2.009924650
H 1.623499393 2.251252651 0.038378242
H -0.839537084 -1.769255877 -0.912003875
N -1.950724125 -0.087264776 -0.328792214
C 1.548591018 -0.799908817 -1.194413662
H 1.622621536 -1.324496746 -2.157183170
C -1.102138400 0.401243865 0.762358367
C 1.170125246 1.518026471 0.706278682
H -0.271934479 -0.226212621 2.673358917
C -1.013311028 -0.746263981 -1.262742877
H -1.589761376 1.257018685 1.240093946
H 1.535572886 -1.562319398 -0.416357666
C -0.840053558 -0.659026861 1.840843201
N 0.062612861 0.871851981 0.044028446
