13

H -1.833044648 1.752910495 -0.778162003
H 1.266426563 -1.793276668 0.193782479
C -0.970969439 0.043148160 0.414882094
C 0.280757904 -0.057463948 -0.432930857
C 1.275144935 -1.048047423 -0.603357077
H -1.793168306 -0.590512156 0.065281332
O 0.188311070 1.154485822 -0.999296486
C -0.826753497 -0.094715342 1.860216141
H -0.733548522 2.272079945 0.551479340
N -0.711853981 -0.206699669 3.004707575
N 2.096088409 -1.072933435 -1.592487812
C -0.981216192 1.489112616 -0.164697573
H 2.743825912 -1.848088622 -1.519417524
