21

C -0.629841447 -1.435769796 -1.689022660
H 0.531842589 -0.871865034 -3.389578104
H 1.254177570 2.474060059 2.866792917
O 1.739720941 -1.922298789 -2.103667736
H -1.600611687 -1.346179962 -2.193452597
C -0.736946702 0.386967450 1.166755199
C 0.484890878 -1.711511254 -2.681333542
C -1.050025344 1.866184354 1.199110150
O 1.278539062 -0.610836983 0.334007025
H 1.781015396 -1.465061188 -1.235612512
H -0.515913010 2.481330156 0.477967501
H 1.619059920 1.562147856 1.568819880
N 1.154266715 1.551589131 2.469306469
H -0.748391628 1.080351710 3.250730515
O -0.403402299 -0.157995060 -1.079004049
H -1.547324061 -0.303719819 1.398035407
H 0.212514669 -2.611527443 -3.250156164
H -0.686086774 -2.236626625 -0.948632240
C 0.168691710 -0.161599845 0.152373999
C -0.240098059 1.261411786 2.306928873
H -2.066077948 2.170949221 1.379632235
