14

C -1.000719070 -0.078659669 0.667421222
H -0.183689937 1.965147853 0.579456389
C 0.141166136 0.937540829 0.784904420
H -0.861073613 -0.927834988 -1.548957109
N 1.219696403 1.921683192 -2.494896650
C 1.054397464 1.209769726 -1.597166061
C 0.827090144 0.296929985 -0.480161309
C -0.476168334 -1.490164757 0.630724132
C -0.375185311 -0.652873456 -0.622159839
H -1.244530082 -2.266807556 0.597959697
H 0.421399564 -1.773563862 1.169473410
H 0.734405816 0.924971759 1.696913958
H 1.783763409 -0.203221574 -0.256361425
H -2.040552616 0.137082696 0.872849405
