16

H 1.649656415 0.192294836 1.301736474
C 1.419237733 0.670729041 0.340580016
H -1.971715331 0.548369348 0.656347156
O 0.476305604 -1.264946103 -0.794773519
O 2.473070383 -0.575072229 -1.420641780
C -0.642663717 -1.033111811 0.055272423
H 2.220953465 1.387994170 0.145013198
H -0.104213238 1.757979512 1.415480971
C 0.042075690 1.366422653 0.401887178
C -1.106180549 0.427318811 -0.004890503
H -0.383152694 -1.318875790 1.084644914
C 1.532193422 -0.405203104 -0.711974740
H -1.435553193 0.637471378 -1.020106554
N -2.527113438 -2.667493820 -0.764499009
C -1.689785838 -1.958078861 -0.417316675
H 0.046885472 2.234202147 -0.266759634
