19

C -0.502224088 -0.804466724 0.267695069
H -0.228142455 1.300822020 0.662742734
H -2.578634262 -0.379064262 -0.211129010
H 2.045794010 0.254307181 0.679290831
H 1.710269094 2.234427691 -1.661463857
C 1.578476310 0.560723364 -0.273014128
H -2.144478083 0.030392956 1.446558833
C 0.051515214 0.563311994 -0.111874245
H 3.216292858 1.890350819 -0.805376828
N -2.896788597 -3.019053698 1.487294197
O -0.280085325 -1.665955305 -0.841127634
C -1.999926329 -0.716721952 0.651276529
H 1.848323226 -0.207699403 -1.007367134
H -0.945869982 -2.360831499 -0.829478920
H -0.424111575 0.882166862 -1.036589384
H 1.888949275 2.705172062 0.036226183
C 2.128089666 1.925096989 -0.705146730
H 0.053702954 -1.194783330 1.135029912
C -2.521151781 -1.998196244 1.116453767
