17

C 0.183407158 -0.966473520 -0.680679560
H -0.574453533 -2.211611986 0.932623148
H 2.351656199 -0.667377114 -0.835034072
N 0.020733552 0.482336611 -1.196527243
O -0.729302585 -0.240628630 1.454184413
H -2.074479818 0.830389559 -0.540634930
C -1.053496838 1.220248818 -0.454168081
H 1.613474011 1.696836114 -0.159772649
H -1.022204995 2.269004822 -0.766299844
H -0.304637909 1.730280876 1.663420081
C -0.307203203 0.985798061 0.867511094
H 0.139752656 -1.709514618 -1.481302857
H -1.828774333 -1.316908956 0.051168431
H 1.855758309 -1.065791726 0.840604007
C 1.558793068 -0.589703918 -0.089027844
C 0.976859033 0.818987191 -0.047920082
C -0.805880725 -1.265872002 0.441856265
