22

O 1.010649204 1.407566309 -0.603846490
H -3.224644899 0.573066890 -3.539355755
H 2.928747177 0.386983514 0.548847914
C -0.479521632 -0.313514918 0.155462071
C 0.862691760 0.405699909 0.038247094
O 1.788856864 -0.429835707 2.097568989
H -3.966113329 0.788008273 -1.923166037
C -1.601302505 0.503636837 -0.439436018
H -2.836733341 2.002038002 -2.544543266
H 3.108934164 -2.012454748 2.380682230
C -3.059935331 0.929000139 -2.519922972
C 2.881355762 -1.008108020 2.770719051
O -1.249623418 -0.604453146 -2.540794611
C 2.047067642 -0.253783673 0.716952264
H -0.388736933 -1.267055750 -0.370474577
C -1.892583847 0.182575449 -1.907235622
H -1.347932458 1.573701262 -0.393684924
H 2.588627338 -1.085804224 3.822398186
H 2.221900463 -1.223492622 0.221761703
H -2.527523994 0.378432661 0.127739221
H 3.787410021 -0.395235389 2.690366268
H -0.651588321 -0.536971450 1.211715698
