17

C 0.827488840 0.003147164 1.246270776
H 0.481623709 -2.159893036 1.547587156
N 1.020875335 1.072371721 0.236371145
H -0.803610623 -0.748799801 -2.133390903
C -1.180971384 1.027821183 0.161317229
H 0.063324191 1.579720616 -1.589291334
H -1.710242510 1.961858273 -0.022768397
H -0.116113238 1.907255769 2.029804468
C -0.014424941 0.795580685 -0.846069455
H 0.125662908 -2.684615850 -0.806305468
H 1.581572771 0.069770142 2.024452209
C 0.500951469 -1.373294473 0.796261728
C 0.224187359 -1.657199621 -0.474142432
H -1.909700990 0.220436767 0.289440215
C 0.083844565 -0.579267442 -1.507064581
C -0.115133390 1.171066165 1.236437321
H 0.940666080 -0.605958402 -2.188909054
