17

O 1.225238442 -2.050997019 -1.370228291
H -1.183610082 1.410665512 1.986746788
H -0.800415397 2.356230497 -0.329523504
N -0.037899397 1.992987156 0.238367990
H 1.118753076 -2.722191572 -2.081257105
C 1.213475347 0.044282027 0.513211429
H -1.989850640 0.340278208 -0.338069469
H -1.540495992 -1.981987119 0.385089964
O 0.253156632 -1.263552785 -1.467670560
C 0.134961084 -0.304089129 -0.492641836
C -1.178617597 -0.081314601 0.270049661
H 1.436308384 1.443280458 -1.309362888
C -0.586429179 1.004502058 1.195173383
H 2.183471203 -0.408690661 0.610181093
O -1.630222201 -1.220752001 0.971233487
O 0.571530521 0.363744348 1.730648160
C 0.810645282 1.077604651 -0.511948407
