14

C 1.285703301 -2.192836761 -1.674447894
H 1.705679417 -2.922811747 -2.325261116
H -0.698725104 -1.856852174 1.327807903
C -0.493208021 -0.807586551 1.214063764
C 0.229555681 -0.394528210 -0.070228457
N 0.129250795 3.080320835 0.263841450
C -1.239704490 -0.084929004 0.124037698
O 0.848050833 0.876615465 -0.066914886
C 0.808726549 -1.361003399 -0.946839392
O -1.341241956 1.311779737 0.279983640
C -0.088515639 1.849572182 0.159084812
H -0.202965826 -0.278852105 2.114806652
H -2.038691759 -0.513813734 -0.446716219
H 1.096086264 3.294925928 0.046781939
