21

O 2.768956661 -1.423127770 -2.333068609
H 1.052500725 -1.565937638 -0.363453239
C 0.014577361 0.191370204 1.680656672
H 0.984553158 1.156747460 -1.419856787
C 1.235938907 0.109737009 -1.409729600
H -0.701329947 2.332274675 1.858026624
C 2.303988695 -0.307006359 -2.295014381
H -1.903063178 -1.759978533 -0.582224011
C -0.238724843 1.629104257 1.162255883
H 2.649003506 0.498741150 -2.974282265
H -2.205852985 1.050977826 0.362097919
H 0.670782626 2.092582941 0.756407261
C -0.522440732 -0.370553076 0.326117516
H 1.046995878 -0.075960621 1.942418814
H -1.006140113 -2.420457363 0.800306380
N 0.557955384 -0.711320817 -0.608997464
H -0.637472689 -0.077444308 2.508924246
C -1.497183561 -1.528951406 0.407459050
H -2.331408262 -1.294329286 1.060805798
C -1.156479478 1.039375544 0.064168066
H -1.085157633 1.434155941 -0.943017960
