13

H 1.709843636 1.167068243 -0.304410636
C 1.366909742 1.846258879 1.908753276
N 0.909056246 0.692111731 0.072235323
O -2.321393251 -0.845382929 1.821545243
C -0.970229983 -0.725549579 -0.089960471
N 0.506159365 -0.360036045 -1.984465718
C 0.526086271 0.995355785 1.357773662
C 0.123860069 -0.178493798 -0.682587087
H -1.586694241 -1.421447635 -0.647137523
H 1.475365996 -0.180121928 -2.219405651
H 0.084926866 -1.129027724 -2.467115402
N -0.480150998 0.519492865 1.961104393
C -1.343739748 -0.380227923 1.273670316
