16

H 0.521830678 -2.012035131 -0.501174808
C -1.460808158 0.277511716 -0.770322025
H 2.875334740 -1.165800929 0.711949825
C 0.763659239 1.278766036 0.179977238
O -2.242002249 -0.889039099 -0.671075702
H 0.434527129 2.040000200 0.907623708
H -1.998580813 1.166825175 -0.392904431
C -0.203596920 0.100481145 0.045580842
N 2.052458048 0.720501661 0.585896850
C 2.008737087 -0.557213962 0.477723092
H -3.034324646 -0.776813328 -1.218057752
H 0.190789416 -0.518744707 1.998769641
H -1.157319784 0.484153122 -1.817817926
C 0.675100148 -1.115934491 0.090252422
N -0.304745793 -0.839179754 1.162546396
H 0.878941715 1.806522369 -0.788967609
