15

C -0.180587843 -1.870589852 -1.335000038
H -0.209277049 -4.012279987 -1.361915112
H -1.529998302 3.771342993 1.099697948
C -0.756509364 3.056922913 1.009571791
C 0.523019373 1.455810308 0.968828380
C 0.428512335 2.839776516 0.242205948
H 1.385902524 1.377061844 1.626603603
C 0.279231697 0.270361185 0.180502698
O 1.081463099 3.447201252 -0.493080497
O -0.478310078 -1.759096146 -2.501781225
H 0.919066012 -3.304466486 -0.165799141
H -0.818672478 -3.274668932 0.152706072
C 0.078574367 -0.704912484 -0.520114422
O -0.658617139 1.915060401 1.735720634
C -0.063797094 -3.207523584 -0.638147056
