18

O -0.956668973 -0.144689888 0.813674450
C -0.346931398 -0.263554662 -0.463617414
C 0.123404443 1.112207174 -0.863423228
H -0.414309442 1.212720752 2.272652864
C -0.917749226 1.183039427 1.293095350
H 0.073631167 1.434830666 -1.896797776
H -0.432163149 -2.839713573 0.624607921
H 1.080517292 -3.460714817 -0.121077172
O 1.914880276 -1.068322539 -0.185833439
H 1.717110872 2.352713346 -0.443000168
H -0.331687272 -3.025110483 -1.129828691
H -0.470616400 3.057372808 0.116922230
N 1.185472131 1.607897878 0.020428814
H -1.102595210 -0.639886916 -1.175532699
H -1.942299247 1.565207124 1.422366261
C 0.248514205 -2.761992693 -0.240415320
C -0.189360529 2.020824432 0.259340972
C 0.760850132 -1.342828393 -0.303562462
