17

O 0.279674768 -2.018284321 -2.402293682
H 1.214480758 -0.232642680 -1.812292099
H 1.054363608 -2.371839046 -2.835640192
O 1.808490038 0.962339699 0.218485489
C -1.474850178 0.552833974 1.305652261
H 2.380500555 1.571660042 0.694551706
H -1.093217015 -1.575372100 -0.308051527
N 0.312709421 1.828608513 1.806807160
H -1.255067348 -0.231760249 -1.444990516
C -0.988567352 1.532671809 2.122381926
C 0.602017939 1.032945037 0.816621780
H -1.497843862 2.042697906 2.925956726
H -2.405412912 0.022574676 1.260121584
N -0.427842677 0.245595276 0.419853956
C 0.695544064 -1.111084223 -1.393549323
H 1.392426729 -1.571779013 -0.679229021
C -0.597406626 -0.679165602 -0.694386363
