21

C -1.348434448 0.853984654 -0.917756736
H -2.647800922 -0.916132450 -1.103290796
C -0.394324750 0.581288815 1.322556138
C 0.082731925 -1.354779005 -1.037111521
H 1.174685240 1.043044090 -0.070337787
C -0.600085437 -0.207851604 -1.690512538
H -0.135755405 0.083033197 -2.627840042
H 3.035822868 0.033824619 1.250873566
H 1.351383686 -1.799915910 0.471665919
O 0.007118254 -2.488063335 -1.482948780
C 2.072499514 0.272419125 1.710420728
C -2.127683878 -0.167811260 -1.682829738
H -0.676994026 -0.267533094 1.975569248
H -2.621458054 0.133214608 -2.601957321
H 2.152963638 1.253360868 2.190662146
N 0.891979516 -1.019817114 0.018073356
C 0.950145304 0.266975015 0.669269204
H -1.285979509 1.863601685 -1.327596188
O -1.485147476 0.832078636 0.467582136
H 1.889157772 -0.464368135 2.506738901
H -0.284824222 1.469446659 1.958770037
