16

C 1.708732009 -1.157151222 0.316934824
H -1.430197597 2.181139708 -0.939038754
O 1.213899732 2.043620348 -0.972575128
C 1.004031897 0.949343145 -0.548491716
C -1.550301433 1.183803320 -0.518860221
H 1.240948439 -1.835317373 -0.411965042
N -1.136857510 0.081665955 -1.378197193
H -1.693586826 -0.752391219 -1.201240301
O 0.914121330 -0.943753123 1.435176730
H -2.440786600 1.038892984 0.101851650
O 2.026835442 0.064856604 -0.360374629
H -0.736009777 0.091332041 1.968124390
H -1.060512900 -1.316437602 0.920515716
C -0.347948462 0.403345883 -0.155397683
C -0.375467241 -0.463961184 1.089143157
H 2.663099766 -1.568988323 0.654394031
