20

O 0.519899130 1.555875301 2.076102018
H -1.681936383 -1.213468909 -0.666331351
H 0.346483588 -2.445708275 0.471573174
N -0.803329051 0.720067859 -1.176504016
C 1.135775089 -1.686235785 0.410883784
H -0.607661963 2.575850248 0.661956251
C 0.043453477 0.146730155 -2.209714413
H -2.715628862 0.226474822 -0.272242635
C 0.637166977 -0.332069308 0.776178181
H -1.518965125 1.585639000 1.822762847
H 1.945423841 -1.997237802 1.080449581
H -0.373201936 0.413987607 -3.184273720
C -0.517923117 0.433338404 0.248893112
H 2.052695513 0.219627261 2.358877182
H 1.050144196 0.573114991 -2.133934259
C -0.628521979 1.636292100 1.196995735
H 0.127881557 -0.943538368 -2.169394732
C 1.163729787 0.415380478 1.773161054
C -1.719420314 -0.155791715 -0.458494097
H 1.543935657 -1.728327990 -0.606944263
