19

H -0.145542294 -1.719800949 2.273686886
H 1.445970178 0.811491072 -1.727234602
C 0.329432458 -0.800694525 1.926587582
C 0.347167909 0.126374722 -0.067787468
H 0.208424076 2.777860641 -1.872714162
H -1.010889888 1.109219551 1.595669508
H -1.949324131 -0.630848169 -2.057368279
N 2.213515759 -1.595624328 0.402543485
C -2.135047913 -0.550893426 -0.998485208
H 0.885863125 -0.353597403 2.748081207
C 0.903959334 1.250960469 -0.888490975
C 1.188288093 -0.905094743 0.663638294
H -3.111408710 -0.175891832 -0.717278719
O -1.608608484 -1.665407062 -0.237168163
C -0.591479659 0.205574811 1.163151622
C -1.035806417 -0.405616283 -0.062269617
O -0.158901349 2.070491791 -1.341075897
H 1.621366858 1.824441433 -0.295001566
H 2.603020668 -1.372946024 -0.508483469
