19

H -1.593942165 0.286485672 -1.525605202
N 0.693072617 -0.640709519 1.884894013
H -2.419579268 -0.870003998 2.499416828
C -1.455003500 -0.326565027 0.603181243
H 1.686659932 -0.461764693 1.705985904
C 2.502956390 0.088345468 -1.136845946
O -2.108281612 -1.584133148 0.503326058
C -0.007141501 -0.184544951 0.941458404
C 0.236777619 0.694930792 -0.297675520
C -1.307719946 0.687392831 -0.554496586
C -2.596200943 -0.636329651 1.456347466
C 3.681028366 0.177775279 -0.924336016
H -1.810182095 1.644439936 -0.377401620
C 1.069676638 -0.003306377 -1.382317662
H 4.715696335 0.260427922 -0.741244137
H 0.660580814 1.678701639 -0.060958914
H -3.561710596 -0.200584993 1.218480229
H 0.760618687 -1.059573054 -1.449665904
H 0.852694511 0.449016154 -2.362542391
