20

H -1.430282235 0.550569355 2.418446302
C -1.393626332 0.256531209 1.375213623
N -0.126305029 -1.970108271 -3.401258945
H 1.623153090 -1.675928831 0.021460876
H -0.073484525 2.512146950 0.702150106
H 0.347297370 0.869672894 -1.106418252
C -0.416988730 -1.521827936 -2.383295059
H 2.405285835 -0.098694243 0.033513978
H 1.537077308 1.792348266 0.926235497
C -0.791182756 -0.959247351 -1.082117915
H -0.988464236 -1.785151243 -0.397665620
H 0.427976668 1.880265713 2.299015999
H -1.721331835 -0.408868968 -1.199155331
N -0.019594233 0.380383432 0.908008277
C 0.299401879 -0.033047453 -0.468604296
H -2.111996889 0.876427829 0.815767765
H -1.731407404 -0.785150409 1.322497725
C 0.490047902 1.711089134 1.216447473
H 2.001920223 -0.877080679 -1.512439728
C 1.672503829 -0.714329362 -0.487802804
