15

H -1.633295298 0.767591596 -0.632884145
N -0.537427068 -1.672078133 0.522064984
C 1.601107121 1.138551235 0.008268098
O -2.539585352 -1.579702020 -0.600575507
H 0.088466018 -2.396599770 0.842469513
O 0.169195890 2.937113523 -0.880752444
H -2.053438902 -3.020904541 0.757016480
H 1.998504043 -0.802908301 0.777954042
H 0.994816840 3.428006649 -0.879419804
C -0.002053686 -0.425190121 0.197858170
C -0.610952139 0.689220309 -0.344434649
N 1.319552541 -0.169290155 0.397657305
C 0.409357667 1.680478096 -0.431782156
C -1.796531558 -2.110557556 0.196282595
H 2.592284203 1.536269784 0.070277527
