23

C -0.459570020 1.240417123 2.782441854
N 0.654084623 -0.335599810 0.814047217
H 1.436811686 -2.177448750 0.108460285
C -0.873840451 1.433930159 1.326919198
C -0.289762944 -0.483256191 -2.057432175
H -0.996629119 1.948716998 3.426872015
H -0.675617397 0.235031903 3.132833004
H -0.747099817 -1.384387255 -1.674000859
H 1.605010867 0.125905126 -2.921695471
H -1.624018073 0.952815413 -1.161519170
C 0.651531696 -1.781247139 0.745808423
H 0.827850461 -2.178999186 1.742775679
H -1.962939262 1.313329697 1.229079604
H -0.026757849 1.578952074 -1.446842313
H 0.612607539 1.415291905 2.919741631
C 1.204084873 -0.705416381 -2.321971178
H 1.369809628 -1.627708673 -2.867445230
H -0.292224944 -2.191102505 0.377162457
H 1.799075961 -0.732959986 -1.404152513
C -0.202478513 0.472464472 0.363266379
C -0.566624880 0.693691790 -1.104854226
H -0.657101393 2.463114262 0.994754732
H -0.786203027 -0.275534898 -3.004248619
