17

C -0.328313470 -0.600602984 -0.259071022
C 2.658225060 -0.830657542 1.740776181
O -0.625932276 2.092714787 0.172344074
H -2.571441412 1.650336623 -0.208148524
C 0.684761763 1.616203785 -0.063154414
H -0.623712778 -4.255186558 0.231431067
C 1.777166605 -0.394815326 1.040971518
H -1.619041085 2.008332253 -1.646466970
H 3.423138618 -1.222590685 2.361912727
H 1.344277382 2.172479868 0.592992604
C -1.588656425 1.500052929 -0.674219191
H 1.001587868 1.792804241 -1.108128309
C -0.398620546 -2.015510082 -0.080816776
C 0.761927962 0.136959538 0.247568995
C -0.521700561 -3.206693172 0.081547163
H -2.022312164 -0.484805226 -1.539363503
C -1.351354480 0.040977351 -0.890175700
