23

H -1.516321063 1.350950122 -1.419395328
C 1.122267365 -0.290348828 1.219841957
C 0.451503903 0.139419526 -0.070958346
H 1.685748339 -2.446793795 -0.698054016
C 1.121735930 -1.805154443 1.322058797
C -0.928701103 3.396422386 -1.046627641
H -1.149935961 -2.807193756 -0.320903599
H 1.792848110 0.300060660 1.823862195
H -1.407854557 3.778433800 -1.949866414
H 0.073792636 1.768786192 -2.061933279
C -0.686589301 -0.911962986 0.230934262
H -0.019116625 3.965926886 -0.852242470
C 0.898522437 -2.622161388 0.033055648
O -0.000282882 1.459558368 -0.002173004
H 1.021711707 -0.041168712 -1.001936316
C -0.110420376 -1.047048450 1.677314281
H -0.636284769 -1.035116434 2.622424364
H 0.845252275 -3.694098234 0.240765214
H -1.699905634 -0.563573897 0.061575133
C -0.595942616 1.922764421 -1.198657393
H 1.749199629 -2.214802980 2.101083040
N -0.402217299 -2.146173239 -0.504076600
H -1.609009862 3.543273687 -0.206090957
