16

H -2.093222141 -0.673068643 -0.501690686
H -0.964866281 -0.800351679 1.870868802
C -1.146804810 1.021195769 0.587888479
C 1.255435467 0.053723458 -0.598264635
H -0.530998945 1.874653101 0.341713756
C 1.005843878 -0.392296433 0.865360975
C -0.040909849 -0.319880426 -1.352833152
H 1.286415935 -1.443469167 0.996118903
C -1.143769383 -0.189523235 -0.306035101
H -2.089118242 1.293913484 1.055228591
H -0.002648931 -1.359872341 -1.689475775
H 1.427152514 1.126558781 -0.650975227
H 1.593536377 0.188555837 1.577123642
H -0.202781275 0.304363370 -2.235027075
C -0.490993023 -0.255929232 1.059634447
H 2.137728930 -0.428572387 -1.019635558
