15

H -1.516611218 0.328946561 -1.700412512
C 0.378540725 0.811954796 -0.743829072
O 1.766042352 -0.661403060 0.055728819
H 1.685384035 1.146299481 1.200223565
C 0.666761518 -0.706067681 -0.832892597
H 0.807553232 -1.286548972 -1.746020675
H -1.319462538 -1.686328411 0.036818460
H -1.806700230 1.174632668 -0.146905005
C -0.123650357 -0.256601989 1.351838350
C -1.133507967 0.509945929 -0.697014332
H 0.831784427 1.578130603 -1.354234815
H -0.835784614 0.398048729 1.857988596
C 1.036569357 0.463260829 0.648330569
C -0.685746193 -0.807724357 0.020874197
H 0.248827979 -1.006544828 2.049506187
