18

H -1.001803398 1.250325799 1.195178986
H 0.977146626 -0.423867345 -2.636930943
H -1.087950230 0.415706635 -1.500385165
C 0.958961189 1.544033885 2.117834568
C -0.048638854 0.718017995 1.317319274
H -0.315258950 -0.191109255 1.851913810
H 1.897261500 0.993043423 2.238357782
O 1.566920161 0.663855314 -0.448109388
C -0.484223574 -0.388330609 -1.039858222
C 0.280811846 -1.120933652 -2.158691168
H 0.863738120 -1.946170807 -1.753917217
O -1.802968383 -1.430824637 0.724183202
H 1.194000006 2.478509188 1.606071949
C 0.467014283 0.353025079 -0.063319206
H 0.561256468 1.778041005 3.108478546
C -1.523979664 -1.307679653 -0.432899475
H -0.419500113 -1.510722756 -2.909906864
H -2.082786798 -1.874919653 -1.215320706
