19

H 2.000180721 -0.052282635 1.444262385
H -2.015305758 -0.397564113 -1.217158079
H 1.288769364 1.047118425 2.644036770
O 1.123485088 -2.032171488 -0.590902030
H -0.402546853 -2.153583050 0.735973537
H -1.950611591 1.142912507 -0.345161527
O -0.012120724 0.508064687 1.205408692
O 0.213787988 -0.007282684 -2.472339869
H 1.730515480 1.653600812 1.030699968
C -1.724555373 0.069719777 -0.278643012
C -0.206143901 -0.084171318 -0.076021440
C 0.194172665 -1.564469695 0.018378951
O -2.440135717 -0.569576323 0.759727180
C 0.561590612 0.577235043 -1.240151525
H 0.544014573 -0.909938335 -2.443058729
H -2.163004160 -0.162655383 1.588382959
H 1.640205503 0.516993165 -1.053206921
H 0.285584062 1.624313235 -1.291678309
C 1.332117915 0.793737531 1.581451058
