18

C 0.430328012 -1.005618095 0.281048626
C 0.767859697 0.752911687 -1.130197883
H -1.369582772 -2.340440273 0.569890380
N 1.006016493 1.402840376 -2.189818859
C 0.215627477 0.241908193 1.173844934
C -1.176392317 -0.319585860 1.576069117
C -1.097548842 -1.308407545 0.382687718
O 0.951141298 -0.590016484 -0.986675143
C 0.206089616 1.372269034 0.138054892
H 1.655180454 -0.078010611 -3.126178503
H -1.136084676 -0.829822540 2.541813612
H -0.805086672 1.726835251 -0.079679340
H 0.792515159 2.242796659 0.421404898
O 1.212551713 0.657856941 -3.302259922
H 1.058196545 -1.803795934 0.656176805
H -2.000758410 0.391275197 1.593797922
H -1.621600866 -0.950353622 -0.497879684
H 0.911547780 0.437357366 1.977899551
