18

H 0.534531951 0.868823230 -0.865872741
C -2.028000832 0.143591017 -0.709059656
H -0.319525898 -1.628284335 0.670865357
H 0.641616881 -2.844150543 -1.269515276
C 0.957435369 -1.824354053 -1.050917029
C 1.441581249 1.644860268 1.576345801
O -1.347781777 -1.024265885 -1.011639237
C 0.166415811 0.372788727 0.033417437
O 1.182485819 0.441738456 1.027758241
H 1.870675564 -1.861719370 -0.452181727
C -0.123270191 -1.097990870 -0.277668715
O 2.448247433 1.897550464 2.163249731
H -1.393241405 1.959998131 0.286856174
H 1.164133906 -1.321206689 -1.995071054
H -1.545905709 0.558969080 1.350759506
O -3.029448509 0.464809179 -1.271596789
C -1.238482475 0.888538301 0.350372821
H 0.618533075 2.360304832 1.443897367
