27

H -1.584215283 0.463871509 -1.488485098
O -1.276590824 -1.163257122 -0.221494719
H 2.008555651 1.391829610 -1.918292761
H 0.566022992 -1.385431528 2.591647387
N 1.373614073 -1.167179585 -1.436211228
H 1.025280595 0.649666965 -3.174095154
H -0.660817504 -2.499342203 1.929728270
C 0.090296060 -1.748465419 1.679309130
H 0.348620057 1.934914231 -2.164258480
H -2.224176168 0.787095904 1.260887742
H -1.063015938 -1.060036898 -2.258462429
H 0.102620907 2.099852324 1.616179943
H 2.325579405 -1.006483793 -1.154531240
H 0.862659156 -2.229405642 1.070215225
C 1.000882506 1.065442681 -2.154277325
C -0.582038999 -0.602566659 0.914662123
H -2.361055136 -0.748477817 2.122896433
C -0.932574034 -0.423042983 -1.385422349
H -0.754980326 2.195121050 0.087491602
C 0.529891551 -0.002607658 -1.181283593
H 0.971341133 2.493582487 0.140077814
C 0.482035190 0.395060420 0.324807644
H 1.448742628 0.172223791 0.759634674
C -1.656219840 0.028509730 1.803164482
H 1.001538038 -2.001146317 -1.010952711
C 0.183611616 1.873502731 0.553218544
H -1.225607276 0.486769825 2.693846703
