21

H -1.075566530 -2.537289381 -0.885073006
H 0.776668429 -0.726149380 1.851998210
H -0.050099526 2.200227976 1.290467739
H 1.622816563 2.169835806 0.685152948
H 0.510133862 3.430511236 0.133447826
C 0.620221317 -2.044857740 0.037551094
H 1.724577665 -0.411986947 -1.113903642
H -2.338537693 -0.768506825 -0.302438289
H 2.369772434 -1.301532388 1.200647950
H -1.331259370 1.233458638 -2.194491148
H 1.158545732 -2.917045593 -0.296377808
C 0.580603540 2.373561144 0.409224540
H -1.931028724 1.708101749 -0.553971231
C -1.110168576 1.267573833 -1.125136375
N -0.825453162 -2.193782330 0.031805359
C -1.363823056 -0.833830893 0.173779264
C 0.958459020 -0.656358361 -0.394462079
C -0.319063157 0.185196817 -0.453679264
C 1.312838435 -1.127902746 1.010531187
H -1.503677368 -0.595258296 1.225401163
N 0.214039981 1.546033740 -0.730474114
