15

C -0.109542146 1.007842779 -0.862656951
H 1.283694386 0.768972516 0.811466873
H 1.384430766 -1.621193290 0.578267634
C 0.224436656 0.819350064 0.590247631
C -0.061167222 2.050213814 -1.759825230
H 0.118896432 -2.520451546 -0.242666662
O -0.602199316 -0.217872381 -1.066665769
C -0.477947861 -0.547198236 0.363521248
C 0.308510572 -1.843397141 0.585148335
H -1.471585035 -0.597755849 0.806447566
C -0.024882587 -2.526582718 1.836300969
H 0.011648314 3.801506758 -3.206593513
H -0.274537712 1.510621428 1.270658970
N -0.289026231 -3.063489676 2.826329947
C -0.020729208 2.979433537 -2.529981375
