23

H 0.059940428 0.514706910 -3.291302204
H 1.128421903 2.862211227 0.649297655
H -0.462302327 2.153916836 1.026059270
C 0.932219267 -0.214106530 0.489069134
H 0.046933528 -2.950033426 1.103833914
H 0.127780780 -1.043563962 -2.441082239
C -0.592366219 -2.133565426 1.438714862
H -0.317201823 -1.937833190 2.479119062
C -0.406415015 -0.932775319 0.575446665
C 0.626221180 0.965925038 -0.497950733
H 2.289077759 0.993955731 1.763591409
C -0.462427586 -0.122573487 -2.578096151
H -1.283446074 1.482629180 -1.395102978
C 0.573951066 1.919050097 0.732136428
C -1.310025215 -0.373600304 -0.239306718
H -1.634941459 -2.482497931 1.418839455
H 0.766616046 0.600686550 2.585284710
H -1.431743264 -0.413596720 -3.020925522
H 1.431420445 1.226018310 -1.197425246
H 1.747311592 -0.911846399 0.260518759
C 1.222362161 0.821114302 1.619911671
H -2.373683929 -0.619099736 -0.257612705
C -0.677703202 0.594878018 -1.223017931
