15

C 1.319573283 -0.720597863 1.026841998
H 0.226002306 -0.401645869 3.347578764
N 1.420328856 -0.583626509 -0.355423212
H -1.488970399 0.518747985 0.326135576
C 0.141137823 -0.240028054 1.480101466
O -0.414893985 -0.105006389 2.707876921
C -1.300299287 0.869203925 -2.228303671
N -0.539704859 0.192842826 0.333907902
C 0.290572077 -0.032081511 -0.711340427
O 2.282740116 -1.285315990 1.792571068
O -0.022237936 0.282265484 -1.979187727
H 2.987508535 -1.544126272 1.190314412
H -1.348762274 1.070143938 -3.295355082
H -1.436678648 1.806769490 -1.675765991
H -2.116315365 0.172454938 -1.959952831
