19

C -0.557525396 0.729263425 -2.089271545
O -1.129554272 -1.625014186 -0.582756042
H -1.193438768 1.532933712 -2.445004940
C 0.715069771 -0.162304789 0.016546972
H 1.622352242 -0.631842136 -0.395402730
O -0.889645696 -1.425323844 2.469708204
H 0.997573912 0.228852719 1.004176021
C 0.291053295 2.350221157 -0.265849620
H -0.933000505 -1.986896038 3.249256849
H -0.519736946 -3.132152081 1.303846478
H -0.339402288 2.368865967 0.618672252
H 1.308648467 2.627729177 0.037534371
H -0.066270635 3.096214056 -0.972620904
C 0.279056668 0.969897330 -0.908077478
H -0.918765426 -0.273621529 -2.305821657
H 0.915335476 -2.183047295 1.785031438
O 0.840114474 0.940334439 -2.226253033
C -0.282838196 -1.305642843 0.210723251
C -0.139026329 -2.118467331 1.495563269
