16

O -1.696443796 -1.798480272 0.514366448
C 0.647208095 0.770852149 1.132651448
C -1.027193666 0.920393467 -0.663908839
H 0.217270494 1.621039271 1.638137579
O 2.211977720 0.571720243 -0.859156013
H -0.146886677 -1.909506798 -0.879044294
C -0.157577947 -0.045563024 0.134617493
H 0.362314284 -1.981001019 0.829065621
C -0.346758336 -1.524058580 0.132391796
H 1.343118191 0.182146505 1.728875279
H -1.825808764 -2.760460138 0.526557446
H -1.475528479 0.471844286 -1.548866034
H -1.769614577 1.505668044 -0.111256145
O 0.142665684 1.721100926 -1.024606705
H 2.535520315 1.415165067 -1.231188536
C 0.985737205 0.839139700 -0.318636358
