18

H 0.638613760 -1.323523402 1.499120355
O 0.915022433 1.888163805 1.677902102
H -2.108692884 -3.372172832 -1.720376968
H -1.191466212 1.604670048 -0.655331314
H 1.379015326 -1.185726047 -0.826247931
C 0.053952523 0.109555162 0.301583588
H -2.070366144 0.160121381 -0.111834623
H 2.135857344 0.492535055 0.715930820
H 1.382143021 1.707947254 -0.346756071
H 1.644201994 2.499149561 1.804690242
O -0.125828922 -0.743781567 1.428798079
C -1.266280651 0.857645154 0.144637480
C -0.585565507 -1.764512300 -1.252369642
C 1.220807552 1.089728117 0.552266240
H -1.502438307 1.366824985 1.074205279
C -1.398603678 -2.618847847 -1.502263784
H 0.487698525 -0.042883448 -1.820910215
C 0.391929209 -0.724893391 -0.963043511
