16

C -0.551882684 0.152401075 -0.349814504
C -2.006337404 -0.008103063 -0.622527003
C 0.233134761 1.239867568 -0.992568910
H 1.937715411 0.413103819 1.460033059
N 1.524363518 1.096902132 -0.519966602
H -2.618860722 0.113623939 0.279963046
O -0.159792483 2.081391573 -1.769721866
H -2.241163969 -1.000872493 -1.038937330
H 0.536260843 -1.790553808 2.044240713
N 0.032396771 -1.702927470 1.172162294
H 2.211132765 1.808898330 -0.661517859
C 1.671000600 0.046372708 0.458131373
H -0.942275286 -1.942731380 1.266535640
H -2.319431543 0.744774461 -1.349679828
C 0.273088336 -0.554841161 0.453678906
H 2.420651436 -0.697306395 0.169989094
