20

H 0.178692698 0.577906370 2.911952972
H 1.311948538 -1.908027411 -1.560723543
N -0.033296373 -0.294071674 -1.077923059
C 1.245045424 -0.993421853 -0.985875070
O 0.723355472 -0.056424897 2.433887959
C 0.645798445 0.273474127 1.096289635
C -0.472762764 -2.059925079 0.740681410
H -1.885424018 0.532788873 -0.653674841
C 0.394007891 -0.940476835 0.204197213
H 0.372275501 2.551966667 -1.152347326
H 1.557904005 0.819013894 0.789098680
H 0.062805720 -2.593161345 1.536225438
O -0.509099305 1.026200056 0.814437389
H -1.356083632 2.887139559 -0.935478806
H -0.794515610 2.005844116 -2.380181313
C -0.827098608 0.832726240 -0.597416341
H 2.153344393 -0.394453496 -1.006246567
C -0.632632971 2.155471802 -1.310316443
H -1.393830419 -1.661411524 1.180022001
H -0.740434468 -2.761157990 -0.046609487
