14

C -2.535242796 -0.018500494 2.593521833
O -0.289910108 -0.004966259 -0.092045411
H -3.461057663 -0.001210316 3.132410049
N 1.831196189 -0.199428618 0.591993868
C 0.512869418 0.212321475 -2.740250111
H -0.544874072 0.186964542 -2.487619162
C -0.286551148 -0.069303438 1.311859369
C -1.506857157 -0.032553922 1.992423058
H 0.699983776 -0.437194616 -3.594072580
C 1.021534920 -0.193118140 1.695502520
H 1.401279211 -0.294361770 2.693727970
O 1.343117595 -0.245650634 -1.677245021
C 1.006214499 -0.127989694 -0.416231573
H 0.808297634 1.224991918 -3.003975630
