16

H -0.685840964 2.725207090 0.380134076
H 0.738008499 0.859858811 1.904771924
H -0.925757051 0.314066827 2.098177910
H 0.115355104 -1.900518298 2.064148426
O -0.301428497 -1.676353693 0.093379043
C -0.702144921 1.937584162 -0.404778749
H 0.494981229 0.063705660 -2.726151466
C 0.737330139 -0.547261477 -1.833886385
H -1.333126426 -0.663898945 -1.395334125
O -0.978242636 2.207890987 -1.554317713
C -0.373317301 0.633665919 0.057907891
C -0.405074298 -0.592101097 -0.801549971
C -0.042710863 0.236571670 1.448143840
O 1.798381805 -1.093466520 -1.678361773
H 1.472429037 -1.278701186 1.096727967
C 0.391156971 -1.226250529 1.250988722
