23

C -0.645409346 -0.460956901 1.817850709
C -0.073096178 -1.307195067 0.684817731
C 1.595566750 -1.374665499 -1.255517244
H -1.299804568 0.179825276 -1.767783642
H 1.996511936 -2.319124222 -0.894042373
O -1.202125192 2.069038153 -0.839050293
C -0.610134721 1.034121394 -1.638571143
H 2.402251720 -0.828590214 -1.760955572
H -0.312239230 1.384805441 -2.624316216
H -2.224068165 0.535595059 0.721137941
C 0.510411501 0.819671631 -0.588700533
C 1.006409764 -0.543981135 -0.103813067
H 0.017545208 2.496451616 0.829670489
H -1.375637650 -1.049033523 2.394243479
H -1.661705256 1.452713966 2.106418610
C -0.435919583 1.635450840 0.332581699
H 1.362019181 1.436592698 -0.876939774
H -0.887595952 -1.602920175 -0.002074615
H 0.832205594 -1.601897955 -2.010302782
H 1.824963212 -0.330212027 0.603584468
H 0.155110389 -0.201685309 2.518944025
C -1.322158575 0.816542625 1.284313560
H 0.346898228 -2.240547419 1.068504453
