16

H 0.454240412 0.856153667 -2.365689278
C 0.111633956 0.214575410 -0.246471107
C 0.350072324 0.071681410 -1.643795967
H -1.212502003 -0.739882171 1.940385461
H -0.981298208 -2.445214272 1.455112338
C 0.133571550 1.324372530 0.584450006
H 0.248796880 1.209010959 1.658847213
N 0.049444631 2.584436417 0.116887487
H 0.345111370 -1.555829406 2.223970413
C 0.379955620 -1.303168416 -1.845395803
C -0.503707349 -1.465299249 1.540344477
H 0.077072717 3.375714302 0.737647176
H -0.069369502 2.780356884 -0.859486997
N -0.082071647 -1.079404712 0.208731070
N 0.122609854 -1.994116664 -0.731544971
H 0.576439500 -1.833386064 -2.773991346
