13

C -0.321617395 0.613647759 -0.657264292
N -0.320745945 -1.186728001 1.291140318
H -0.398173958 -1.815567613 2.075229883
N 1.958249569 0.628756762 -0.896822095
H -0.565086961 2.109878302 -2.289288044
C 0.932536900 0.095668532 -0.190902293
C 0.914681435 -0.823219478 0.849892139
H -2.397257090 -0.981235504 1.257338524
C -1.483789444 -0.625710666 0.790963531
N -1.549875498 0.243018806 -0.159824461
C 0.057643309 1.487850785 -1.648267388
H 1.781060576 -1.256470680 1.324099064
N 1.392374516 1.510111094 -1.746294618
