21

H 1.071152329 -1.611616731 -2.973207712
H 1.892375588 0.497743696 -1.842840195
C -0.787320852 -0.950468183 0.069343328
C -0.393543750 0.531563640 0.327258110
H 1.521924376 -2.556250572 -1.542425156
O -2.869621992 -0.579329431 -1.273605943
H 2.361977816 -0.444468796 -0.431702316
C -1.307239890 1.308303356 2.570863008
C 1.748741865 -1.641893744 -2.123633146
H -0.355872452 2.510068655 1.038183093
H 0.738020241 1.392513990 1.862333179
H -1.235799432 0.309154898 3.009527445
C -0.269410759 1.494015694 1.442071557
N -0.858571529 0.729708135 -1.144213319
H -0.709174514 -1.799480677 0.730040431
C 1.627968907 -0.378636658 -1.250659466
C -1.786729097 -0.391273528 -0.888200045
C 0.310131460 -0.164111912 -0.648682058
H -1.139819503 2.044490814 3.367596865
H 2.770050049 -1.744801283 -2.509712696
H -2.329238415 1.444768667 2.211664915
