21

H -1.203541636 -2.364678621 0.836023867
H 0.662776828 0.134308949 -1.665086508
H -1.878353000 0.202370346 -0.088346131
C -0.234241813 -2.069757223 0.446491152
N 0.650653720 -1.355128646 1.364091754
H 1.818080187 0.476787597 -0.344353259
H 0.013343900 3.076841831 -1.584110022
H 0.416919321 -0.864318550 2.190842152
C 0.434658498 -3.095670700 -0.444351524
N -1.084328890 0.394307256 0.521193206
C -0.216691628 1.429978490 -0.106311023
C -0.008220663 2.715314150 0.628070593
H 1.410640836 -2.730182886 -0.781156719
H 1.016283512 3.061414719 0.781573355
C -0.594793022 2.706713200 -0.769911170
H 0.587445080 -4.031987667 0.088467881
H -0.692089379 2.949045897 1.446201444
H -1.660354376 2.912647486 -0.889452100
H -0.178738326 -3.296031952 -1.318840027
C 0.763297558 0.359061092 -0.598962367
C -0.022747107 -0.611034334 0.287925601
