18

C 0.188744023 0.486550301 -1.318197608
O 1.043123841 -1.741562724 -0.758116722
N -0.041055329 -0.075605780 1.140171766
H -0.929763734 1.645535469 0.211073428
H -1.623624921 0.600986302 2.363321543
C 0.118027285 -1.037540436 -1.522337079
H -0.551182032 0.950130999 -1.970358253
H 0.324936271 -1.248690128 -2.581125498
H -0.677241087 -0.759743154 3.001848698
N 0.928067803 0.885256231 1.076758742
O 1.490928054 0.992525399 -1.581437230
H -0.896021783 -1.381067395 -1.302430272
C -1.088402033 -0.320209652 2.101182699
H 1.666082621 0.885902703 -2.520180941
H 0.846895397 1.586943507 1.783653855
H 1.171883225 -1.337219119 0.109572969
H -1.811641455 -1.028547049 1.663379192
C -0.159756124 0.896355331 0.103220552
