21

C -2.263138533 0.741433799 0.754861116
H 2.655045271 0.341093898 -0.665238857
H -3.341862202 0.687534988 0.598197043
C 0.707987726 -1.476433158 1.248357534
C -1.583927393 0.763484120 -0.608147383
H 0.123418465 0.521046281 2.072226048
H -0.793440938 -1.051317334 -1.302178144
O -2.039303541 1.458890676 -1.508805871
C -0.383138359 -0.118082948 -0.881296158
H 1.916286945 0.342029989 1.840385556
H 2.150059462 -1.184352875 -1.397585273
H 1.552285552 -2.158054113 1.350221753
C 0.723269284 -0.468703389 0.134840846
H -0.246030658 -1.919303298 1.532548904
C 1.785275459 -0.251840979 -0.959703565
H 0.633767426 0.184993863 -2.878043890
H 0.749718606 1.546419740 -1.753319860
C 0.925533473 -0.000122621 1.555136085
C 0.702748597 0.458750039 -1.818171382
H -2.040922165 1.673786163 1.300360918
H -1.933632493 -0.091253221 1.385353208
