21

H -0.504739642 -3.027882338 1.020387173
H -0.531812668 2.321386099 0.047856826
C -1.336804271 -2.324451685 0.974205673
H -0.940324843 -1.617268682 -1.047328830
C 0.194521874 0.175483286 1.607282519
H 1.072810173 -1.136223793 0.280597955
H -1.894035935 -0.516687691 -0.065714449
C 0.242371574 -0.414543927 0.261555672
H 2.274584770 1.933869243 -1.361952186
H -1.422109008 1.403628707 -1.177731514
C 0.597478509 0.665347874 -0.793856859
H -2.234122038 -2.873414755 0.684311092
C -1.047814608 -1.203806639 -0.032737073
C 2.006989479 1.232790351 -0.567013741
N 0.153065249 0.644479334 2.659750938
H 2.762512684 0.449179918 -0.542766571
H -0.136528254 2.515660524 -1.654744387
H 2.059760809 1.778679609 0.377952546
H -1.484144211 -1.922735929 1.981137514
H 0.611623824 0.128989309 -1.752524972
C -0.443283290 1.787521005 -0.898667753
