18

C 0.977214456 0.451778442 -0.981529176
C 0.692907393 -0.764366269 1.354174614
N -1.035972595 0.196886837 0.551402986
C -1.563059807 -1.391119003 2.335640192
H -0.147696391 -1.356550574 -0.608928025
H 1.492170453 -0.092823520 1.669639707
H 1.881886125 -0.086201064 -1.298217893
H -0.675355077 0.478199720 2.679522991
C 0.150932685 -0.447111875 -0.067904152
N 0.635844648 1.872289538 -2.920675278
H -0.647918880 0.279256821 -2.466562748
H 0.021316707 2.022967577 -3.728855371
H -1.362991929 0.961005032 -0.051626373
C -0.695903242 -0.298233360 1.893372416
H 0.972687840 -1.797846198 1.561297297
N -2.230348110 -2.275443316 2.723559856
H 1.309776425 1.360976815 -0.434432715
C 0.224508867 0.886334360 -2.209877968
