19

O -0.846228361 -1.429579258 -2.405422211
C -1.115536332 1.041514158 -0.537398040
H 1.299215794 0.025771163 2.812004805
H 2.078626394 0.075642660 1.218069315
H -2.070188999 1.239419222 -1.009549022
H -1.138216138 -2.165843248 -0.529206157
C 0.307038486 1.079021454 -1.002886772
H -0.741439342 2.240656853 1.516112208
C -0.260453045 -0.219247520 -0.370227844
H -0.358052641 -0.701133251 -2.813581467
H 1.370596409 -1.433919668 1.802715421
C -0.088409588 0.022467464 1.124074936
H 0.752947986 1.144644380 -1.984529734
H 0.555392563 -2.096122503 -1.026055932
H -0.932373166 -0.383695036 1.681820273
O 0.764361620 1.946464777 0.026067980
C -0.411351234 1.511286497 0.782771170
C -0.403092653 -1.550730348 -1.066591144
C 1.237162709 -0.346618623 1.781813264
