17

H -0.954907298 0.940870285 -2.025152445
H -1.953139782 -0.453478754 -1.558951855
H 0.102489494 2.520935535 0.856524050
H -0.189947814 -2.522986412 1.780539632
C 1.421708941 1.239225030 -0.089348972
C -0.932674289 -0.118385889 -1.744483352
N 1.284261942 0.141639084 -0.740758777
H -0.502013803 -0.681231141 -2.571245670
C -0.087856755 -0.321245849 -0.498845071
O -0.157488227 -1.683030009 -0.095658973
H 2.270878792 1.898846984 -0.202067196
H -1.548811793 0.815578580 0.850233912
N 0.457061052 1.571436644 0.849278688
C 0.237931833 -1.661935687 1.247577786
C -0.502548635 0.464901447 0.810947478
H 1.338585615 -1.675842524 1.297713876
O -0.283529401 -0.475296855 1.833697081
