20

C 0.259168565 2.006942749 0.660787821
C -0.184818774 -0.050423112 -0.565965533
C -0.228199631 -0.473446935 0.888602316
C -1.159491658 1.071572900 -0.909050167
H -0.640794814 -1.525751472 -2.081617355
C 0.749540448 0.584479153 0.432588309
H 0.966351807 -1.700273275 -1.375892043
H 1.315030694 -1.636548758 1.854833841
H 0.379942566 -2.557953835 0.674159348
H 0.902004063 2.720040798 0.116041563
H -1.093994021 -0.093242809 1.418692470
H -2.198462963 0.739786506 -0.960633397
H -0.885702193 1.523434281 -1.868405223
O -1.066269755 2.028676271 0.141851157
C 0.225857839 -0.972334564 -1.690479994
H 1.815612912 0.386430979 0.422340333
C 0.310643554 -1.777349234 1.433625698
H 0.229902476 2.297394991 1.708853245
H 0.632771909 -0.405392885 -2.530920267
H -0.329093337 -2.166042805 2.230587721
