21

H -2.369579077 -1.450568199 1.317669153
H -0.808552384 -0.958414495 -1.848429680
O 1.215487480 0.249660358 1.222764134
H 0.147489801 -2.724320889 0.231916562
N -1.435238481 -0.838525176 -1.064984679
C -0.731346130 -0.600260198 0.179280460
H -1.307978392 -0.406784475 2.275075674
C 1.035700679 1.025217652 -1.000152826
C 0.229852811 0.651467860 0.247527555
H -2.044280529 -0.061544854 -1.282141924
H -2.462278366 0.304048628 1.121173739
H 1.433374047 0.100300029 -1.430249572
H 0.884132445 2.255685329 -2.379876852
C 1.323324442 -1.108384967 1.062811494
H -0.300729960 1.542192221 0.594020963
O 0.232704610 1.718930125 -1.906667233
C 0.271558255 -1.684839487 0.486709833
H 2.253499508 -1.545538902 1.407104254
O 2.166888237 1.828709126 -0.692124248
C -1.785359144 -0.538288116 1.295391202
H 2.051329851 2.241258383 0.163181677
