15

H -0.844905794 -2.423088312 -0.264873803
C -0.371254414 2.116102934 -0.415967464
C 1.054283738 -1.170028925 0.382634699
H -1.428187013 2.469847202 -0.513993025
H -0.169364393 -0.401863664 -2.225674629
C -0.411132872 -1.449240804 -0.085556664
H -1.872988105 -0.106909573 1.318810940
O 0.553249180 2.884458065 -0.516724944
C -0.211474732 0.683650434 -0.185851917
O 1.505858302 -0.812506795 -0.940677106
H 1.715307474 -1.865444779 0.914714098
C -0.964572847 -0.269149870 0.758582473
C 0.127321720 -0.456399798 -1.169963956
C 0.473616540 0.095403567 1.072978377
H 0.844242632 0.705170512 1.871563315
