19

O 1.811246753 3.852366924 1.481406093
C -0.371399105 -2.837729216 -0.375805318
O -0.523734808 0.779634655 0.396007866
N -0.243423566 2.931699276 0.966791928
H -0.004094852 0.232851624 -2.027079105
O 0.104950614 -0.983626306 1.660094857
H 1.253154874 -0.982726336 -1.716654181
H -0.674706578 -3.407979012 -1.258019567
C 0.628841579 3.936978579 1.324506044
H -0.938687086 -3.179209948 0.485436529
H -1.667592406 -1.152247429 -0.812141538
H 0.129864395 4.913712025 1.414705992
H 0.684101820 -3.035421371 -0.174593940
H -0.130891815 -1.376959205 -2.747166872
C -0.607414901 -1.341517448 -0.629888237
H 0.616940916 1.350397348 2.038736582
C 0.182905555 -0.827527523 -1.854326963
C 0.026006622 1.692960739 1.214820981
C -0.276068121 -0.565656960 0.613168895
