21

H -0.817717254 1.306202769 0.864226222
O -0.268815905 -0.038334325 -3.112780333
H 1.304126263 -0.800365806 0.513181448
H 2.221547127 1.512476802 0.562294602
H 0.010222798 -0.790824890 2.653957129
C 1.271697164 1.763831258 1.034441352
C 0.121941939 0.966851532 0.389193475
C -0.413534880 -1.211795211 1.746093035
H 0.274926960 -2.002339125 -1.163774610
H -2.234552383 -0.873807251 -1.125219703
C -0.313720644 -1.129950643 -0.848289788
H 1.116041422 2.839100122 0.933411658
C 0.042367801 1.193833590 -1.096684813
H 0.120933726 2.160861254 -1.567024946
C 0.233677715 -0.585584164 0.502942443
H -0.462801397 -0.964958191 -3.340746880
O -1.667840838 -1.588730693 -0.794211090
H -1.484583735 -1.039159775 1.744761825
H 1.349266291 1.529419780 2.101307154
C -0.152076244 0.046411995 -1.762440920
H -0.251105875 -2.293139219 1.765363455
