19

N -1.782048941 1.180117846 0.010673761
C -0.945776761 0.291143209 0.811234295
C 0.563871026 0.207501203 0.693000793
O -1.337365270 -1.138324857 -2.360904694
H 0.204971567 0.212977096 -2.104306221
N 1.257166982 1.338222861 0.131424457
H -0.284633577 -1.758563995 0.022278018
H 1.777690411 1.089100480 -0.695192993
H -1.391073346 -0.022669770 1.754148841
H 1.478062630 0.215644121 2.661189318
C 1.286700010 -0.489960879 1.837248564
H 0.696486294 -1.325191855 2.247379780
C -0.660615861 -0.195342749 -1.556540489
C -1.662221432 0.882905006 -1.210418105
C -0.284082562 -0.688479900 -0.162452564
H -2.266612530 1.359022856 -1.991765499
H 1.930052638 1.689124227 0.808196127
H 2.249398708 -0.893392205 1.508039832
H -0.829970598 -1.953832865 -2.403234243
