15

H 1.291213870 0.156236410 2.802952290
H -0.623766959 -1.025933027 -3.150818110
C -0.595475972 -0.245203286 -2.401778698
O -0.790888786 1.772922635 -1.558737397
H 0.153038710 1.836652160 1.150449038
N -0.892180979 0.974890471 -2.748378277
N 0.135073349 -1.153416157 0.062755443
H 2.041845322 -0.368897319 1.364676476
C -0.272840708 -0.329219192 -1.011997461
C -0.431445152 0.937491834 -0.586892724
H -0.779352903 -0.703801870 1.928802490
N 1.265971184 -0.438787192 1.991249919
N -0.351661086 1.027124286 0.796224356
C 0.026315568 -0.330544651 1.269306779
H -0.175845310 -2.109514952 0.092185631
