23

H 1.727307081 0.653781712 -1.744470000
H -3.177362919 0.904837430 -0.226102442
H 2.670356274 -0.699740529 -1.115055561
H 1.743091702 -2.089586735 0.843476415
C -0.602834165 1.284599066 1.189062119
H 1.159411430 -1.002913713 -1.955905795
H 1.999462724 0.219876930 1.926899791
C 1.661047816 -0.316989750 -1.268108845
C 0.764770091 -1.635740876 0.685521185
H -0.985305905 0.684805572 2.036578655
H 2.488269567 1.258810520 0.570474565
C 0.913087189 -0.223031536 0.068540424
H -3.314622641 0.177318573 -1.837391257
C -0.456076384 0.423300862 -0.048425157
O 0.706073821 1.755408764 1.463643193
H -3.057947159 -0.847191274 -0.406205684
C 1.638241887 0.755673826 1.048629165
C -2.797794819 0.108512141 -0.876156688
H 0.183154449 -2.290996790 0.035616018
H 0.249379441 -1.587920785 1.655060649
C -1.314639807 0.216725916 -1.053940058
H -0.936631441 0.103253119 -2.056657791
H -1.260437965 2.147207737 1.064917207
