19

O -0.579220712 0.689964235 -1.432514906
O 1.431807637 -0.363958597 -1.028989434
O -0.494948089 2.208107710 0.808589458
H -1.073195577 2.178622246 0.036210004
H 1.128651857 -0.499083966 1.736940026
C 0.715340436 0.832733095 -0.863716245
C 0.745620430 -1.528859019 -0.524581254
H -0.972958326 -1.834533691 0.780035019
C 0.206248909 -0.059175279 1.354724050
H -0.458113134 0.142549038 2.198617458
H 1.445842266 1.713907957 0.998694539
C -1.351517200 -0.282566041 -0.677675009
H -2.172218323 0.222968593 -0.168271765
H 1.238830924 1.596801758 -1.451008439
H 0.396697491 -2.155815363 -1.360226393
C 0.530840576 1.255697489 0.622813821
H -1.763568521 -0.977617443 -1.411944389
C -0.428613901 -1.020532131 0.319019973
H 1.454473734 -2.119210720 0.063282914
