23

H 0.794536173 -0.059084177 2.307439327
H -0.833970547 1.832422853 2.048859596
H 0.907243967 2.349374533 -1.094491720
H -0.289433181 -0.649263263 -2.701784134
C 0.294479340 0.087213852 1.346189976
H 1.280689955 -1.380405426 -1.075996637
H -1.586367130 0.279252172 2.420391083
C 1.280217409 0.919896901 0.497368395
H 0.775969803 -2.020618916 1.204286575
C -0.588274002 -0.501090169 -1.639743090
C 0.882089078 1.269994020 -0.941843569
H 1.603577495 0.832392573 -1.654748678
O -0.442533970 0.875740945 -1.321519613
C 0.067561455 -1.316105008 0.733862281
C -1.021732688 0.826933384 1.655059695
H -0.937705636 -1.659419894 1.015640616
O -1.948132396 -0.820349455 -1.459428787
H 1.497362137 1.850523233 1.041124821
C 0.221895739 -1.478535175 -0.794205964
H 2.241209745 0.375708938 0.452370405
H -2.463987827 -0.046973437 -1.716073871
H -1.645407081 0.920064628 0.768848598
H -0.089288607 -2.487673521 -1.091605067
