20

C -0.347208112 -0.715243340 -1.777309179
H -0.984661222 0.077089250 -2.181931019
H 2.427179098 1.601026535 0.478434473
H -0.199353933 1.901694894 1.939318419
H -0.745471358 2.396452904 0.340457231
H 0.639533162 -0.621032119 -2.238096237
C -1.735081792 0.600630343 1.070470929
H -2.240312099 -1.426041245 0.511563361
N 1.852707028 -0.402580976 0.338835686
C 0.865154684 -1.471367478 0.445189714
H 2.034796953 1.088401437 -1.225392461
C -0.259191155 -0.638734102 -0.249695569
H -2.648140192 0.895587027 1.588317871
H -0.766457796 -1.676063538 -2.083546638
C 1.834927201 0.934533238 -0.152540103
H 0.685480773 -1.653565168 1.520386577
C -1.569063187 -0.584930658 0.465479255
C -0.532121480 1.514686465 0.962046802
H 1.186569691 -2.389657736 -0.041935902
C 0.500713348 0.569114387 0.289946467
