18

H -2.492269039 -0.850505173 -0.141272068
H -2.057581425 -0.730493188 1.622923732
N -0.293836117 1.766700387 -0.882089913
H -0.147576883 -2.378480673 1.243120313
H 0.198428884 1.051194429 1.900810003
C -0.569129109 -1.875971675 0.390214562
C 0.913935244 1.303545237 -0.216570362
H 2.814050436 1.540713787 -0.303219646
H -1.054605007 1.892806530 -0.219202012
C 0.074944265 0.362156779 -1.024237394
O 2.024731398 2.047816515 -0.546762288
H 0.960004628 -0.661253393 -2.358806133
O 0.153018042 -0.139199242 -2.300027370
H -0.595331609 -2.466437101 -0.513889253
C 0.631243944 0.492695093 1.067310572
H 1.496572852 -0.070094094 1.428797841
C -1.712665081 -0.892298758 0.609605968
C -0.343935192 -0.392895639 0.243293449
