15

H 0.716381907 -3.284884691 -0.560202837
N 1.096961617 -1.709180236 1.361057758
H 0.925032020 -1.941790462 -1.739105463
H 1.111665726 -0.960677445 2.049113750
C 0.544894159 -1.324729800 0.280016035
C -0.435273796 2.090964317 0.952425897
C 0.365473509 -2.294514179 -0.866798282
C -0.857543766 2.477159500 -0.330544293
H -0.490024358 2.774981737 1.806468844
H -1.249441385 3.481792450 -0.524501920
C 0.054913189 0.079132549 0.080722578
N -0.804441929 1.644903302 -1.348600507
N -0.359537363 0.417269528 -1.147937655
H -0.681225359 -2.337023735 -1.167524338
N 0.062165778 0.886597753 1.155410051
