18

C -1.345033646 -1.070447683 -0.481850505
H 2.115808487 1.868174314 0.170494393
H -0.688677609 1.690097809 -1.418126583
C -0.414626598 1.820968151 -0.363833368
H 0.958600402 3.115080118 0.119753629
O 0.060892832 3.132389545 -0.184577331
H -1.940536022 -0.282948434 -0.935940444
H 0.874305665 -2.612152576 3.190563679
C -0.089806244 -1.480628252 -1.176615238
C 0.371814251 -1.435330153 1.320820451
H -1.349024773 1.713432074 0.210003808
C 0.545810759 0.712764144 0.033356581
H 0.178989872 -0.961921632 -2.084192753
C 0.636726677 -2.062796354 2.314706564
C 0.014686442 -0.702866614 0.132317975
N 1.786309123 0.908841491 0.261503965
H -1.914495111 -1.826884627 0.032232653
H 0.198255479 -2.525770664 -1.140618086
