22

C -1.021366358 1.246526003 0.416597396
H -2.740972996 2.524958372 0.828042090
N 1.520445585 -2.268868923 -0.905942321
O 0.707257271 -4.214858532 0.140813991
H 0.358746320 -0.698228359 -1.805014729
H 2.267836571 0.290597200 -0.412182391
H 1.428327560 -0.290057391 1.018967509
H -1.286473274 -2.174775839 -0.746651411
H -1.222530246 3.111357689 1.531758189
C -1.661875010 2.614200354 0.658084333
C 0.638303339 -3.085647106 -0.215900466
H -1.107761979 0.644403517 1.338195682
C -0.411526471 -1.974260092 -0.140300244
H -0.714657605 -1.688397050 0.867289305
H 0.489365786 1.796127915 -1.006495476
H -1.514001846 3.283393383 -0.193971530
H 2.520153522 -2.289095163 -0.875055671
H -1.590802193 0.706560373 -0.346248180
C 0.667548776 -1.059148431 -0.810990036
H 0.948058605 2.084959030 0.660054624
C 0.451313078 1.366004467 0.001626630
C 1.274611712 0.074248180 -0.002677355
