18

C 1.137476683 1.360110283 1.615085125
O -0.096362330 1.378429770 2.313499928
H 1.540644646 2.371187925 1.649680257
C -0.587648392 -1.062888622 -0.709337473
H 1.385192871 -1.234692454 0.235757679
H -1.191503048 -0.167736471 -2.565598488
C -1.534582257 -0.214655936 -1.528120637
H 0.226951763 1.582589030 -0.330411106
O -0.650011957 -0.924635589 0.725901842
C 0.963669717 0.931917489 0.142323375
H 1.907505274 1.060674429 -0.389961183
C -0.473854125 -2.446064472 -1.162175059
C 0.573269486 -0.524971247 0.059809845
H -1.588657022 0.796414077 -1.125743747
H 1.869507194 0.696851492 2.106081724
H -0.575516045 0.581470013 2.045809507
H -2.529672623 -0.653698802 -1.522369266
N -0.376410007 -3.530301094 -1.560232043
