21

H -1.195336223 -0.928771734 -1.872253299
H 0.115091041 0.229516253 -2.116747379
O -1.744216800 0.990595520 -1.630009770
H -1.485817909 1.727235556 -1.083061457
H 0.692695200 2.487690687 -0.721514761
H -0.794706881 -2.986123323 -0.028618988
H -0.457271844 2.845552444 1.163149595
H 0.893199801 -3.546759844 0.000525987
C -0.753290713 -0.010260710 -1.480981350
H -1.160853505 -0.467712581 0.568247259
C -0.267312586 -0.233401522 -0.033630084
C 0.695696056 -1.410015106 0.114230372
C 0.222830132 -2.777587891 -0.357470244
C 0.324176252 1.053500652 0.522285461
H 1.405448914 1.881669044 2.234524250
O 1.179237723 1.740242362 -0.357395232
O 1.792168021 -1.282124043 0.603963554
H 0.370056480 0.408652723 2.635870695
N -0.617327809 1.860977888 1.337036490
H 0.205575749 -2.806226015 -1.457809925
C 0.579958856 1.223350644 1.959658742
