20

C 0.241929546 0.229397908 -1.252237797
H 0.579784274 0.415475845 -3.360223770
H 1.119689465 1.642930508 0.685208857
H 1.220487952 0.620883286 -0.995975316
H 0.287467957 -0.877348006 1.736882925
H -2.448235035 -1.174305320 0.404368997
H -0.856255770 -0.533227682 -2.942708492
H -1.947254539 -1.447194934 -1.275397062
N 0.851137877 1.098194242 1.489138126
C -1.586576223 -1.348868847 -0.247789741
C 0.177724242 -0.318369031 -2.658758640
H -1.018966913 0.292707086 1.913365364
H 2.143687487 2.239243746 2.610931873
H 0.773059547 -1.232867479 -2.746082783
C -0.597284079 -0.200738013 -0.113996573
C -0.124573261 0.045760021 1.320833445
C 1.578750730 1.293641329 2.634503126
O 1.617060661 0.523347020 3.562620640
H -1.122461319 -2.291540861 0.049541671
O -0.889172852 1.022879601 -0.814224660
