21

C 0.832637012 1.521271944 -0.430630594
H 1.637076735 -1.330832124 1.565685511
C -0.110585257 0.958919704 1.748921990
H 2.379404306 -0.922982216 0.002815076
C -1.222601891 0.870317340 0.803980231
H -1.650433779 -2.247231483 -2.060706615
H 0.073090933 1.587942362 2.617859840
O -1.080154538 -0.097825870 1.880255818
H 0.639009118 2.578694820 -0.218826309
C -0.285694242 0.488250136 -0.343051374
H -2.349991322 -1.433184624 -0.642089009
C 0.887272954 0.479162931 0.666720688
C -1.413583994 -1.657609582 -1.164943337
C -0.661506295 -0.365721047 -1.526955843
H 2.842258692 -0.033791613 1.463954449
H 1.537238240 1.369438529 -1.250913739
H -0.806247652 -2.278148174 -0.488662362
C 1.985998988 -0.500238240 0.929108799
H -2.187943935 1.375612974 0.755260766
H 0.245555520 -0.605411768 -2.097110987
H -1.290798903 0.243366450 -2.210672617
