20

C 0.247306496 -0.859306395 -1.718105555
H -0.805475235 1.707154870 -0.909579933
H 0.614314198 0.145057216 -1.894827724
H 2.849113226 1.794942498 1.436969399
C -1.172120571 -0.014456193 0.401919097
C 2.268572569 0.863817573 1.622862101
H 1.071267843 -1.560917497 -1.876131415
H 1.218833923 1.323488712 -0.055171002
N 1.247236133 0.706913710 0.727531016
H 0.400598526 -0.902840316 1.750395894
H -1.442481995 -2.599854469 -0.542843640
C 0.243971586 -0.313858867 0.873114645
H -1.933865070 -0.447078347 1.032460451
C -0.318010807 -1.051587820 -0.323129445
H -1.772590280 2.065933466 0.530228436
H -2.492325544 1.182135701 -0.831227243
C -1.572522998 1.309017181 -0.233187020
O 2.518486977 0.092080772 2.521539450
O -0.645028472 -2.383976221 -0.039789382
H -0.525279939 -1.056666136 -2.473028183
