18

H 1.219397426 3.006669044 3.585321426
N 0.658984244 1.999795079 1.956790924
H -1.527181268 -0.849721551 -2.295387030
H 0.859421551 -2.671787262 -2.617224932
C 0.017785106 -2.934501171 -1.962532163
H 0.287144125 -3.809020519 -1.375173569
H 0.996939480 0.766333401 -0.389637530
H -0.339754134 2.256899834 3.637627840
H 1.608788967 2.015965462 1.598111987
O -0.260034055 -1.891086936 -1.027997971
C -0.636988342 -0.711369216 -1.654802442
O -1.005630255 0.234412551 -0.657509089
H 0.185740173 -0.307668030 -2.283613443
H -1.297505736 1.292595387 1.680536628
N 0.396252424 2.687467575 3.088308811
H -0.854010880 -3.172852755 -2.575030088
C -0.300674707 1.327512383 1.247187376
C -0.008674297 0.760357022 0.045023281
