20

H -3.024709463 -0.624624491 0.225181088
H -0.293374360 -2.756581545 1.006515384
C 1.882827878 0.877914011 -0.523214519
H -2.374230385 -1.504579663 2.503466129
C 2.317610741 1.507155776 -1.837280273
H -2.081516743 0.896971285 0.564047813
C 0.649583340 -0.041279860 -0.584528565
O 0.303720713 -0.306764841 0.782576561
C -1.790263653 -0.697517395 2.085381031
C -0.937447429 -0.967466235 0.875888467
H -0.054628335 0.913462877 -2.121107340
H 0.893265247 -0.999163806 -1.053769827
H 3.374936819 1.816761017 -1.864148498
H -1.400438547 -0.000214610 2.804418325
C -2.191541910 -0.158300430 0.727405250
H 2.734031200 0.324995250 -0.108382538
O -0.905018032 -2.291378021 0.413454592
O 1.607402086 1.689250827 -2.798082829
H 1.666909456 1.702425599 0.157133117
O -0.377118498 0.618934691 -1.254953027
