16

H -0.875597477 -3.032441378 -0.014337551
O 0.959342122 2.050274134 0.435760945
H 1.683009028 0.880430341 -1.163604021
C -0.037519105 0.031553954 -0.308542073
H 2.790669918 1.256888151 0.986902952
C 0.735603571 1.195243597 -0.680005729
H 0.182013571 1.776417136 -1.440500855
H 2.381295443 2.878950834 1.608142495
O -3.792934895 -2.574417830 0.108603954
H -1.607055902 -2.258734703 1.381098866
C -2.778042793 -2.179634094 -0.405029058
H 2.874103069 2.670226812 -0.085702911
C -1.427227736 -2.136975050 0.306121558
C -0.660523415 -0.944902837 -0.004162887
C 2.321583271 2.216449261 0.740405202
H -2.748718500 -1.829328299 -1.465150833
