16

N 2.079881430 -0.310170501 -0.433989882
H -2.976538658 -1.256207824 0.801997423
O 0.794292271 -2.226494312 -0.085000433
H 1.637044311 -2.599479437 -0.367531955
C 0.929393768 -0.880938590 -0.145298481
N -0.012759792 2.581385851 0.017772827
C -1.920472980 -1.359709024 0.536077082
H -1.833700180 -1.927805185 -0.394292563
H 2.555645227 1.684201837 -0.498099327
C 0.503772736 1.299993873 -0.114275970
H -1.022154689 2.576472759 -0.083072312
N 1.794115901 1.026501894 -0.407951772
H 0.406506002 3.250021458 -0.609259605
H -1.398755908 -1.894197822 1.331536293
C -0.106982373 0.072207578 0.065422520
O -1.429287434 -0.035782531 0.385966241
