20

H 2.883548975 1.335402846 -1.634695292
C -1.025180101 -0.368514389 -1.144206524
H 1.408335567 -1.127168179 -0.503352046
C -2.276681185 -0.542129219 2.098880768
O -1.116154075 -0.983634770 0.129754379
H 0.364419699 0.658271611 -2.404730082
H -1.399670005 0.935733736 0.885417879
C 2.788375854 0.503272891 -0.949292600
C 0.208761975 0.525601387 -1.330244184
H -0.998010993 -1.202562928 -1.836318254
N 2.105446339 0.805356026 0.312465161
H -3.964007139 -1.250943184 3.402054787
H -0.255778968 -0.054863408 1.775833726
H 3.643614531 -0.166532874 -0.934278131
H 2.474062920 0.253954470 1.076528788
C -1.200650454 -0.087526903 1.223760128
H 0.024527093 1.519713759 -0.920031250
H -1.942559838 0.212317690 -1.349962711
C 1.451977253 -0.055947386 -0.690217197
C -3.174376488 -0.909800708 2.792632341
