22

N -2.165853739 -1.428327441 -0.630277455
H -1.906868935 -0.187869787 -2.918718338
H 0.582556427 -2.143631697 1.387264848
H 1.327602029 1.571624279 1.713949561
H 2.358794689 1.373368621 -1.211256504
H 2.807084799 0.655481219 1.186150551
H -1.835974693 1.336381793 -1.989888549
C -1.364017010 0.343196303 -2.126208544
H 0.903028011 2.295217752 -0.659777820
C -1.407879233 -0.443293661 -0.839515507
H -0.516599655 -2.135077953 2.787421465
H 0.805660844 -0.939113379 2.678543568
H -0.891828716 1.118501544 0.510816872
C 1.550549507 1.438110232 -0.493155092
C 0.058011126 -1.498723745 2.102008581
C 0.936838031 0.161959901 0.037440389
H -2.661484480 -1.722477198 -1.480992794
H -0.339487702 0.518767774 -2.471419573
H 1.385053873 -0.766395509 -0.324500382
C 1.816833973 1.017494082 0.923111200
O -0.889569759 -0.647841692 1.493607759
C -0.552449286 0.082648315 0.325395525
