19

H 1.067957520 -1.354694963 -0.148773909
H 1.565804243 1.279986501 -2.290757656
O -1.120046854 0.641888022 -1.720441222
C -1.865916252 -0.334966689 -1.118274093
H 0.261053354 -1.597815514 -1.747533083
C -0.543547094 0.451265454 0.544533491
C 0.126824021 0.520125926 -0.882358253
H -1.273629665 1.240060210 0.723625064
C 0.252842575 -0.804977894 2.451174974
H 2.052226543 1.365249991 -0.575375259
C 0.266742706 -1.023036957 -0.818452120
H -2.831352711 -0.574716985 -1.523852587
H -0.787600935 -1.082987785 2.661340237
C 1.210049152 1.481846690 -1.268095732
O 0.347379029 0.344378740 1.618733644
H 0.749638259 -0.545570791 3.399114847
H 0.747941315 -1.674494624 2.010973454
C -1.083744287 -0.842357635 -0.103690714
H 0.857379735 2.510817766 -1.211891055
