20

H 1.249916077 3.037389994 -2.820372105
H -1.084846020 -0.766972363 1.830309749
H 0.030566480 4.225174427 -2.292189360
C 0.515139282 -3.018412590 2.368557215
H -1.519955277 1.983270884 -2.287903786
C -0.719772041 0.719698787 -0.467343777
H 1.407182217 -3.493984222 2.779325962
H 0.048226878 -3.731221199 1.681276560
C 0.867021978 -1.703496814 1.662405252
H -0.170562401 3.368314266 -3.860029936
H 1.594136715 -1.890224934 0.862025380
O -0.014717799 1.714147329 -1.085122466
C 0.180759460 3.276594639 -2.820790529
C -0.353354841 -1.033636451 1.057184577
H 1.340431929 -1.006571054 2.365444183
O -1.862702370 0.453221351 -0.721728563
N -0.547723234 2.229332685 -2.193726301
H -0.867434859 -1.682496786 0.347154766
H -0.183885381 -2.846365213 3.199702978
O 0.091572903 0.166237786 0.395819634
