20

C 0.149701297 1.192900181 -1.368222117
C 1.435537338 -0.190766200 1.667699218
H -0.616445303 0.253277600 1.164945245
H -0.281537920 -2.066972971 -0.497473925
H 1.250118732 -1.227776289 -0.626449227
H -2.399231911 -1.082079172 -1.607214332
C 0.080173790 -0.606965125 1.089212298
C 0.191146150 -1.092391849 -0.374926567
H 2.121029377 -1.043631434 1.657091379
H 1.880135536 0.596022785 1.045722246
O 1.348001361 0.215237826 3.031992912
C -0.438669145 -0.142878756 -1.427948117
H -0.333621323 -1.395399570 1.735261440
H 1.124163032 3.242284536 -1.318164945
C -1.989241481 -0.101123877 -1.300382018
H -2.415976286 0.670179486 -1.945451498
H -0.205718830 -0.538843930 -2.423064232
C 0.671328545 2.269926548 -1.324824810
H 0.740031660 0.958429694 3.092804909
H -2.310924768 0.090570621 -0.270608664
