17

C 0.096901633 -0.963837206 0.433073670
C 1.464388371 -0.216873705 0.233241200
H 1.480452657 -0.403623492 -1.712969303
H -0.127109483 -1.971387148 0.089787245
H 2.207075119 -0.324934959 1.020777225
O 2.119176865 -0.328290284 -0.993576169
H -2.170716763 1.280990958 -2.724597454
N -0.502451062 0.196554065 -0.285274297
C 0.473034680 1.004018664 0.424233645
H 0.668484449 2.030360937 0.105817758
O 0.079849251 0.885339439 1.777239084
H 0.354601413 -1.011194348 2.639878750
H -1.768667936 -0.680611253 -1.616619349
N -1.502032995 1.399470210 -1.972389817
H -1.311853290 -0.651556730 2.091188431
C -1.309569478 0.284482539 -1.371641874
C -0.251564026 -0.528907061 1.861830711
