15

N -0.822823226 -0.139435485 -0.925280213
H 1.591641784 1.212585568 0.340642631
H -1.774979115 2.723283529 -0.009394542
H 1.171142220 -0.653853238 -1.386754870
N -1.122632027 1.951199651 -0.025868220
H 0.496851355 0.422654063 1.452546000
N 3.192277193 -1.250239134 1.489842892
C 1.205353975 0.229744211 0.640640914
O -2.844377995 0.819533110 -1.087960124
C 2.318218946 -0.596671760 1.118518949
C -1.696708918 0.927936614 -0.681668580
C 0.515254021 -0.437791795 -0.544679046
C -0.596755087 -1.401185870 -0.269637972
H -0.709355116 -2.287043571 -0.874311626
H -0.923108041 -1.520715714 0.763363838
