17

H 2.326308966 -0.891956270 0.495731980
H 1.448092937 1.668386579 -0.719883859
H -2.545053720 0.963250756 1.252263188
C -2.035714149 1.090630412 0.301973820
C -0.664093435 0.643206298 0.156124234
H -2.666429520 1.141493320 -0.580712974
H 0.216063336 -0.052849285 2.136014223
C 0.156714156 -0.251024336 1.060589671
O -0.912478745 2.009049654 0.329117686
H 1.886476994 0.359674305 -1.890814304
C 1.317499757 0.618069768 -0.983765244
C 0.289868683 -1.217810512 -0.656363130
C 1.403393269 -0.455538332 0.092867754
H 0.376247287 -1.967270494 -1.448615909
H 0.011207713 -2.309866905 1.048872828
N -0.141149253 0.192199081 -1.162962794
N -0.466954291 -1.539643884 0.569563031
