19

H -0.627396882 -1.759191632 -1.298536777
H 1.365990639 -0.810826957 0.495147645
H 0.425527513 0.308275849 3.361617088
C 0.038987223 -0.628719628 2.963222027
O -1.596980214 -0.686438978 1.231750965
C 0.613913834 -0.014779780 0.529063880
H 1.142698765 0.860328257 0.939473808
C -0.141799539 1.641264558 -1.492025852
C 0.071803950 0.271606624 -0.838006914
H -0.770535648 -0.989859164 3.599946260
H 0.861446440 -1.352676153 2.994250536
O 0.201532260 1.161741138 -2.812393904
C -0.732536197 -0.746936321 -1.649869204
H 1.355857968 -0.652395546 -2.642728806
C -0.450340986 -0.456453145 1.540601254
H 0.598801672 2.405900478 -1.172258019
C 0.496617496 -0.129781738 -2.249418259
H -1.147756577 2.068173647 -1.455327868
H -1.705831647 -0.489231437 -2.044507265
