17

H 1.325909495 -1.838144660 2.008020163
H -1.962560773 -0.031656198 -1.035329819
N 0.162993327 1.194347262 -1.254816651
H -0.349323213 -2.102045536 1.500963449
H 0.682985306 0.458696455 2.819604397
C 0.086756900 -0.079279780 2.078586340
N 0.620807707 1.479348421 -3.490029097
H -0.955603063 0.190938860 2.209374666
H -0.183899254 -0.267953187 -2.701075792
H 0.034661710 -1.915395260 3.208379030
H 0.543359280 0.999680102 -4.389277458
N -1.487115264 -0.087708540 -0.142218053
C -0.351607740 0.472079009 -0.207585484
O 0.551069200 0.428080201 0.807448804
H 0.818129480 1.931241393 -1.044544816
C 0.179004535 0.747376561 -2.567831516
C 0.284432232 -1.579605222 2.200332403
