15

C 0.643003762 -0.269875109 -0.615451872
H 1.469931722 0.048001617 -1.254371643
H 0.430195630 -2.182135344 -1.591129899
H -2.763924599 1.370288730 -1.453663945
H 1.538133860 0.743703485 2.408700705
C -0.511401355 1.145270348 0.977398455
C 0.758507550 0.359340876 0.748592913
C 0.559372246 -1.792485595 -0.578846514
H -0.276812017 -2.118691921 0.047879525
O -0.841339350 1.721888781 1.991428375
H 1.489269018 -2.192937851 -0.158352450
N -2.396227360 1.582972765 -0.528918743
O -0.575892329 0.277867436 -1.202249169
N 1.758653283 0.264942706 1.526062727
C -1.281470060 1.041848660 -0.317077905
