18

H 0.082272463 0.785198629 -1.366556048
H 2.064599752 -0.202612177 -2.608194590
H 0.939376235 -1.141848445 0.852475226
C -2.774329424 1.394821405 0.176700011
H 2.502801180 -1.130407572 -1.165799141
H -0.022145350 -0.978507280 -1.510574698
H -3.472987413 2.153046846 -0.096664958
C 0.395612717 -0.259759247 0.480849832
O -1.048351049 -0.628471851 2.330513000
O 0.832773387 0.909193873 1.148671627
C 2.002505064 -0.217691451 -1.519109488
H -1.395882010 -1.460711718 0.450076431
C 0.541407943 -0.165964603 -1.038778424
H 2.575390100 0.640623391 -1.153428197
H -1.950216055 -0.747266591 2.638810635
H 1.774869084 1.002556562 0.974874139
C -1.981410623 0.551140070 0.484562755
C -1.066285253 -0.503339350 0.921572030
