15

C 0.167270780 2.553608894 -1.328371644
H -0.790174246 2.734270811 -1.792204261
O -0.454968184 0.176847592 -2.215903997
H 0.420240134 -2.940440178 0.490513593
N -0.691103876 -1.761930466 1.991517663
C 0.517818868 -2.228633881 1.303052664
O 0.109142087 1.419397116 -0.427623361
H -1.525119781 -2.113831520 1.521793127
C -0.309675992 0.310050726 -1.042174935
C -0.008726287 -0.864970803 1.051524878
O -0.609595180 -0.694277108 -0.179568395
H 1.383291125 -2.378160954 1.934445500
H 0.452241212 3.394070387 -0.699050903
H 0.423348337 0.016451854 1.497015357
H 0.916010916 2.377547503 -2.104964972
