22

C -2.149407864 -2.771684885 -1.207910895
C -0.472966760 0.191653058 2.025946856
H 1.592369676 2.011934280 0.734525919
C 0.293573081 0.697679043 -0.390360236
C 1.675808430 1.211490154 -0.002633211
C 2.420282602 1.731962323 -1.242691040
H -3.141682863 -2.663803339 -0.742949128
H -0.030317161 -0.616953611 2.608856440
C -0.973524630 -1.076778889 0.001801690
H 0.103830524 1.094789505 2.210616112
H 3.379959822 2.170941353 -0.960658014
H -0.365591526 1.540340066 -0.636219203
H -1.710030198 -3.714319229 -0.882205784
H 2.604739428 0.927344203 -1.953621387
H -1.907029510 0.556301475 3.275658131
O -1.825136065 0.372872829 2.341147900
N -0.342391521 -0.147872314 0.622099221
H 0.361773759 0.061111033 -1.284968615
N -1.301607966 -1.649188280 -0.933437407
H -2.295123100 -2.836732626 -2.290963173
H 1.842339635 2.498140335 -1.756381273
H 2.240132093 0.410773307 0.464346558
