18

H 2.400692701 -2.861816406 0.116644613
C 0.493792623 -1.542318940 -0.363492280
C -2.265876293 1.086441517 -1.000259042
H -2.980973244 1.349989057 -0.214024752
H 2.568157196 0.030934824 1.843005776
H -0.710963964 2.380244255 0.545061469
H 0.538527012 -2.540077448 -0.791641116
C 1.711225152 0.019728601 1.194362283
H -2.054464817 2.000483036 -1.561749339
C 1.561032295 -1.169078708 0.462758034
H 1.257569790 1.992005229 1.746218324
C -0.638364017 -0.799316585 -0.723288059
H -2.756525040 0.383008569 -1.674274802
C -0.279506624 1.388790131 0.434433967
C -0.988006651 0.515111387 -0.399676353
C 0.899243534 1.151468754 1.143250823
H -1.350569725 -1.345612645 -1.338288426
O 2.595010281 -2.039984703 0.580958724
