17

H -1.084813833 1.229136944 -2.752092361
O 0.962356091 0.650908649 -1.034108639
H -2.083091736 2.914502144 -1.101449251
C 2.040637255 -0.191647664 -1.053378940
H 0.474923551 -2.207276106 3.444344282
H -1.176800013 -2.629691124 2.990881681
N -1.200229287 1.181042075 -0.422163337
C -0.145790800 -1.453523874 1.572558165
C -0.128626868 -0.582114756 0.726548374
H 0.187352166 -3.445700884 2.199914694
H 1.939341426 -1.034602165 -0.360650927
C -1.136641383 2.374777317 -1.233013391
O -0.954338491 2.150543451 -2.625321627
H -0.322697818 3.034468889 -0.914105296
C -0.167259231 -2.481863499 2.604922295
O 2.953438282 0.030052505 -1.793470025
C -0.157759354 0.460987717 -0.249415502
