20

H -0.432811320 1.600220680 0.734546959
H 0.562580407 0.024872730 2.677254200
C -0.051266611 -1.014513612 -2.555288315
O -1.479205966 0.168579295 2.283980370
H -2.248654604 -1.308247447 -2.695642471
C -0.153624251 -0.167071059 1.879563808
H -0.081121892 -1.234012723 1.605151653
C 0.205027133 0.706661940 0.661584437
H 1.898848414 1.785874844 -0.177510843
H -2.254313946 -0.070775151 -0.265579700
C -1.434626579 -0.313405424 -0.919206977
C -1.397768855 -0.938305914 -2.147341967
N -0.143259808 0.022404032 -0.577706218
H 1.860687017 1.739030719 1.586009145
H -1.702776909 -0.347398043 3.065148592
H 0.347230464 -1.467301250 -3.449203730
H 2.360006332 0.300846398 0.691433966
C 1.666592836 1.152111292 0.687700629
C 0.708888710 -0.406266302 -1.568785548
H 1.769569755 -0.233304903 -1.516108036
