21

H -2.026639462 -1.678332925 1.484726310
H 1.429588199 -0.278414816 1.801082134
H 2.172122240 -1.447852612 -1.601909280
C 1.026455164 -0.490979880 0.824379385
N 0.431461841 1.272176147 -0.246494308
C 1.473662019 0.238067210 -0.394575477
C -1.014619112 -1.388061643 1.791726589
H 0.221801504 1.807104468 -1.088581085
H 0.454704076 -1.037616611 -1.795371294
C -2.078338623 1.150612593 0.144386932
C -0.715803981 0.673691869 0.363684118
H 2.480386972 0.663234830 -0.298851222
O -1.381777763 1.438372374 1.373088598
C 1.455735683 -0.615183294 -1.682498097
H -2.920941353 0.453658938 0.231674328
H -2.263076305 2.009626865 -0.493274659
N -0.345189661 -0.698915601 0.668208420
H -1.105167508 -0.752653539 2.673443794
H -0.453955919 -2.292442083 2.046511173
H 1.270591736 0.847067177 -2.985995770
O 1.889000177 0.126839846 -2.815361261
