23

H 3.305306435 -0.153446972 -1.125730395
C -2.105852842 1.817773223 1.180308580
H 2.646697044 -1.656540155 -1.772768617
H 0.795954823 -1.672617793 -0.020463906
O -1.695984721 -0.501432240 -0.561276734
H -0.280804962 -0.562740326 2.512130737
H 0.434229910 -0.472787380 -2.194088459
H -1.541169405 -1.402368546 -0.852164805
C 1.146403909 -0.099948242 -1.454216719
H -0.937659800 -1.951719880 1.631021142
H 2.835766554 -0.249720454 -2.824116707
H -0.786941350 1.799037099 -0.483394980
H 1.106359601 0.986355782 -1.512523770
C 2.567854166 -0.568540335 -1.818055868
H -3.027120352 1.368112564 0.739586055
H 0.015893843 1.786263824 1.096747994
O -2.159219503 2.594787359 2.091096640
H 1.453285336 -0.211257964 0.680155754
C -0.816638529 1.367779970 0.523217559
C 0.723019361 -0.569177151 -0.061561257
H -1.999080181 -0.616756618 2.078225374
C -0.994653106 -0.863873422 1.740308285
C -0.685646117 -0.167182356 0.407563478
