16

C 2.910289288 0.203875780 1.209712982
C 1.001016021 -0.244007722 -0.312166303
H -4.113168240 -0.548727572 -0.168024600
H 3.167574883 -0.701731324 1.767343163
C -1.151769876 -0.027328439 -0.101156905
H 2.219578505 0.807328820 1.803021669
N 0.554818451 -0.827172995 -1.367695808
C -3.421202898 0.212796822 -0.551597655
N 2.316632748 -0.095636852 -0.070998386
O 0.069721162 0.269174457 0.529924750
O -0.867899716 -0.718927920 -1.244482279
H -3.955574036 1.172669053 -0.528017282
N -2.275713444 0.295332462 0.333912224
H 3.824182272 0.780736566 1.052184820
H 2.897117376 -0.533467352 -0.769504249
H -3.175601959 -0.044914238 -1.582456708
