13

H -1.407040715 -1.306226611 -2.251287460
N 2.447685719 -0.275971770 0.736006916
O 0.536922991 2.220149040 1.298786759
N -0.875995100 0.820887387 0.093846761
C 0.313645482 1.078574061 0.648103178
C 1.240934372 0.012878818 0.444127619
H 1.421164870 2.213669538 1.687551856
C -0.736940801 -0.377411753 -0.463635176
C -1.736046314 -1.155322671 -1.218079805
H 2.863085270 0.468623221 1.306723475
H -2.692802191 -0.632453978 -1.203076839
O 0.482034445 -0.917844057 -0.304331511
H -1.856648088 -2.149551392 -0.774735689
