17

C 2.328817368 -0.897492886 0.987925529
H -0.880501568 0.582440853 -2.804232597
H -2.593086958 0.023262193 1.861065865
N 1.184417009 -0.565317452 0.575171053
N -1.045120597 0.357624739 -0.844178557
O 1.965228915 -0.540534317 -1.795059085
C -0.367368877 0.215427190 -1.927175879
H 0.947413027 -0.525214195 -3.412503242
C -0.995406985 0.337754369 0.475126326
C 0.118089080 -0.091559283 1.198758006
C 0.927831113 -0.318074882 -2.338959455
H -3.013825893 1.003105640 0.450993985
C -2.240263700 0.791811049 1.175186396
H 0.116865128 -0.016826155 2.277384758
H 2.461760283 -0.992294967 2.053441763
H 3.134827614 -1.058855057 0.312512934
H -2.049675465 1.694743037 1.754542470
