20

C 1.354412436 -0.163369745 -1.265866041
H 1.326502204 1.941042781 -1.864116907
C -1.323388815 -0.536955833 2.942964554
H 2.729432821 1.042025328 -2.460999250
C -0.345884144 0.256570131 0.734942317
H -1.323760748 1.537780046 2.151685476
H -2.641894579 -1.132641912 1.248114586
H 1.441019535 -1.040340304 -3.260501623
H -1.422022343 -0.178271502 3.966579437
H 2.111613035 -0.870822370 -0.921594441
C 0.681949019 -0.764385462 -2.526411772
H 2.634238243 1.530524254 -0.750414014
H 0.008595811 -0.031119633 -2.979136229
H 0.101490028 -1.650620580 -2.264383078
C 0.410331577 0.043309353 -0.166162699
C 2.057776213 1.171312928 -1.606725216
C -2.478152990 -0.363437831 1.997205853
H -3.378068924 0.123499230 2.366039276
C -1.238388777 0.503693819 1.834764957
H -0.705800772 -1.417792797 2.824016094
