13

C -0.941471457 -0.187725931 -0.691888988
O -2.121993303 -0.459760666 -0.712569177
N -0.129468560 -0.020330867 0.428134292
H -0.380674630 0.619319081 2.402415276
C 1.186177254 0.365148693 -1.444223523
O 2.075614214 0.517325461 0.866775155
C 1.167331100 0.307307094 0.112185329
N -0.099229746 0.021102373 -1.788428426
H -0.126983956 -1.116882682 2.225182772
C -0.606708944 -0.243210003 1.781250834
H -0.436755836 -0.033382494 -2.736725569
H -1.690014005 -0.396607965 1.730721593
O 2.104177713 0.627697825 -2.172829390
