14

C -0.443878055 -0.990890384 -1.229952693
O -0.779565990 2.588679075 -1.351935267
H 0.942795157 0.655885696 2.239679337
H 0.228772357 2.484041214 0.929731667
C -0.675948918 0.262782037 -1.603058934
C 0.499253541 -1.010312080 1.058832526
C 0.515955269 0.461573064 1.258605361
H 0.919677079 -2.743155479 1.688633919
O -0.077423446 -1.570895314 -0.059515521
N 0.991190612 -1.754966736 1.932897687
C 0.116485283 1.484099030 0.512758017
H -0.636138201 -1.803097129 -1.934664369
H -1.140701771 0.413335234 -2.573410988
C -0.460473031 1.522921920 -0.868600368
