22

H -0.742503047 1.898302555 0.593938053
H 0.613531172 1.308768630 -2.084357738
H 0.996359706 0.816704988 1.711342573
C -0.188335225 1.218659043 -0.067115918
N -0.951583028 0.026277116 -0.285494298
H -0.925196826 2.132358313 -1.885441542
H -0.208634093 -2.885736704 1.313595653
H -2.198725939 -1.513857126 -1.010930896
H 1.852014184 1.666511536 0.443609089
C 1.146461487 0.861628771 0.632313728
H -1.200331330 -0.576154530 1.787028551
O 1.296984196 -1.599356174 0.957670987
H -3.029168367 -0.321811795 0.089008182
H -0.020543054 -2.428849697 -0.400094658
C -0.005055279 -2.050643206 0.634022057
C -2.097276688 -0.777946949 -0.220809042
C 0.033067241 1.926506639 -1.403897285
H 1.539678335 -0.657769203 -0.866348088
H 2.820168018 -0.462344617 0.322093010
C 1.744368076 -0.488047630 0.196430266
H 0.556157768 2.872092962 -1.249134183
C -1.031436920 -0.965292990 0.792571485
