18

N 1.420499086 -0.109728433 0.313879848
H 0.082525812 0.801901460 -2.247762442
H 0.085011989 -2.454617739 0.569947779
H 0.907971680 -1.359965086 -1.476360798
H 2.072148800 1.499153137 -0.929740369
H -1.435328245 2.076918840 -1.063232183
H -1.544682622 0.922759473 0.192234546
H -0.195837647 0.405222058 1.720237494
O -1.697592974 -1.431293726 0.327205837
H 0.979354501 2.036404848 0.372248471
C 0.464258701 -0.728624761 -0.695723712
N -1.324913740 1.109508276 -0.781653106
C 1.204372644 1.222350836 -0.330067098
C -0.000068276 0.673547566 -1.168031812
H -2.076257229 -1.908219218 1.078505278
C 0.436502367 -0.449983627 1.402013421
C -0.293337375 -1.429526091 0.431922972
H 0.915372193 -0.875807583 2.284375906
