17

C 0.534387767 0.067983158 -0.686234236
H 2.814793825 0.725506365 0.611952424
H -1.653103232 -1.141476870 2.416118622
O 0.150664464 -0.073085055 0.619427800
H -1.535116196 0.600986481 2.660663843
H 0.317249805 0.390078902 -3.156341314
H -2.964138985 -0.085012376 1.858050346
H -2.727120876 0.259037763 -0.927314699
H 2.628531933 -1.049242258 0.577085733
C -0.554470539 0.259887129 -1.486616135
O 1.807602882 -0.048797183 -1.049221396
C -1.699133396 0.181347862 -0.627858877
C -1.884353757 -0.166055351 1.964411139
C -1.229105115 -0.014938688 0.634655058
H 3.761814594 -0.242480144 -0.550866663
C 2.804151297 -0.154896960 -0.030574027
O -0.572654128 0.491157293 -2.827337027
