16

C 0.100881614 -1.153447390 -0.863411725
H 0.177124038 -2.616317987 -2.052023172
O 1.599288464 -0.832671881 2.024024248
H 1.364865780 1.168231130 1.809499741
H -1.686454177 -0.074441545 -0.519566536
C -0.118165597 1.339479923 -0.935558558
C -0.496890366 0.056147926 1.263381720
C -0.619587064 0.049456175 -0.279498428
H -1.026229739 0.932052672 1.661231637
H -0.611497164 2.217417240 -0.507879257
N -0.444668770 -1.856530309 -1.773971558
H -0.942027569 -0.846596360 1.699649334
H -0.313132137 1.329063416 -2.012521029
H 0.971440673 1.475305557 -0.814365923
C 0.943499923 0.139929995 1.740860820
H 1.101552129 -1.327078223 -0.439851522
