19

C -0.577744484 -0.183679059 -2.049604416
O -1.185447812 0.497278839 0.224401891
H 1.841438890 -0.759473622 -0.533186615
H 0.422089666 1.032293081 3.070191622
H 0.230479598 0.164491475 -2.703082085
H 0.125447392 -2.456226826 -0.378603101
C -0.638732851 -1.727246881 -0.670488179
C 1.197417974 0.025705680 -0.119443402
C -0.258517921 -0.236558259 -0.534455776
C 1.275163054 0.065991312 1.375084996
C 0.394954205 0.831122160 2.006283283
H 1.527118564 0.978143692 -0.560863793
H -1.502325177 0.362130374 -2.272583008
O -0.754620552 -1.615277171 -2.104608059
C -0.681851268 1.440180421 1.150906682
H -0.283679932 2.330008507 0.631249726
H -1.590646029 -1.972139955 -0.189201206
H -1.538306594 1.769027233 1.745945334
H 1.997763395 -0.545771480 1.912055612
