18

H 1.515271425 -1.544835687 0.997464299
C -0.692563534 0.743483245 1.048400044
C 0.087574065 -0.905464590 -0.552457035
H -2.224974871 -0.024436835 -2.070620298
H -1.492507219 0.805544257 1.797537446
H 0.469901472 -0.600760937 -1.536726832
H 2.889046431 -0.245171219 -0.641592622
C 1.120941520 -0.612332046 0.559597373
O -2.387686729 -0.782662094 -0.076393925
H -0.177093357 -1.961087346 -0.599547982
H -2.843737125 1.171515584 -0.815354526
O 0.397403955 0.037906956 1.606086135
H 1.912316918 1.195055485 -0.333163083
C -1.133247137 -0.086373471 -0.150823683
C 2.288779497 0.265769511 0.106831700
C -2.244144440 0.274885297 -1.025311708
H 2.921380758 0.511566401 0.960390568
H -0.406662256 1.757397175 0.725684106
