19

H 0.586151779 -0.421154082 -2.160768270
C 0.207048655 0.067152336 -0.067847423
H 1.196423650 -1.591476560 2.001104593
C -0.251549989 1.525016546 -0.297825664
O 1.413456321 1.885467291 -2.028394461
H -1.072114825 -0.781369746 -1.632484078
H 1.285902023 0.098599881 0.122764058
H -0.511601985 0.251025021 1.964896202
H -1.559190154 -0.693678737 0.929809391
C -0.505924225 -0.505011320 1.176913977
H 0.030125288 3.294334888 -1.592484593
H 0.272724479 -1.829568267 -1.145621896
C 0.141886473 -1.772321463 1.727252483
C 0.459746987 2.282665014 -1.397534132
H -1.326826215 1.563572288 -0.516943932
H -0.107329518 2.111688852 0.613137484
C -0.013691383 -0.780575216 -1.331738114
H 0.130260423 -2.588532448 1.006202936
H -0.375497580 -2.115834713 2.629561901
