15

C -0.420266241 1.055260062 -1.560524821
N 0.107335739 -0.095486194 -1.509826899
C -0.601153612 1.081683874 0.760288954
H -0.961700618 1.716208577 1.563950300
C 0.342982799 -0.621157825 -0.153441474
O -0.881291091 1.754841208 -0.504574418
H 1.305293560 -2.181975603 0.687496662
C 0.856191158 0.578298628 0.710029542
H -1.918510914 -0.659806430 0.090005443
N 1.001368880 -1.887095690 -0.238290101
O 1.895640135 0.835374534 1.253580809
H -0.975724936 -0.929203689 1.615302682
H 1.819863439 -1.794632196 -0.851297855
H -0.577473283 1.575785518 -2.503906727
C -0.992555082 -0.428094923 0.641207755
