15

N -0.747221291 -2.144377470 1.957372546
C -0.450317711 -0.270005405 -1.111075401
C 0.332376689 0.890865624 -0.670699120
H -1.370178699 -2.111500740 -0.567070842
H 1.197617054 2.533026457 -1.130523324
O -0.805198550 -0.313737482 -2.393654823
H 0.252935946 1.812303662 1.253588200
H -0.401975155 -1.938065052 2.893885136
C -0.794149339 -1.253413320 -0.242208794
O 0.416398257 -0.204129979 1.580412865
N 0.617047012 1.787878871 -1.528560758
C 0.729928195 0.930211723 0.781890750
H -0.420559078 0.453039050 -2.835255861
C -0.378141671 -1.235540628 1.153126121
H 1.821438313 1.063444734 0.858773470
