21

H 0.628816664 -2.273230553 1.879937887
C -0.650864780 0.554149687 -1.281217575
H -1.693093061 1.056415439 0.531425238
H -0.095116578 1.434278011 2.521124125
C 0.696900308 -1.548875213 1.097875476
H 0.997939408 -1.910739660 0.121496961
H -1.046743393 -1.395450950 -2.127640486
C -1.175318599 0.195547596 0.127648279
C 0.106709704 0.384624958 2.466381073
H 2.090152979 0.230136722 1.354835391
C -0.257667184 -0.642071009 -2.150527477
H 0.660588503 -1.107202530 -1.806246161
H 0.672898173 2.062479258 -0.292192310
H -1.485230088 1.053560734 -1.795380473
H -1.950724483 -0.571821034 0.011805539
O 1.149297833 1.848339081 -2.227496147
H -0.090992130 -0.318941444 -3.176206112
C 1.134656191 -0.161284119 1.491692066
C 0.473844647 1.573471785 -1.268459082
H -0.007052531 -0.169120505 3.386077166
C -0.159002110 -0.294266641 1.135066032
