21

H -2.448084593 -1.458123207 -1.454800606
C -0.268120706 -0.380248994 -0.594740987
C -0.199789867 1.878326774 0.629463494
C -2.130226374 -0.555097282 -2.002827168
H -1.298766494 -1.567927241 0.937000811
H 0.540674865 -0.581128418 2.375800371
H 0.272840083 2.391416311 1.476839662
C 0.684131682 -0.642820477 1.295781374
H -2.773793697 0.265973061 -1.674167991
H 2.533562660 1.335044026 0.672130585
C 2.031865597 0.519116640 0.130036727
H 0.036389410 -2.463543177 0.172839090
H -2.280724287 -0.717215836 -3.073776007
C -0.306712568 -1.474694490 0.463767499
H 2.773867369 -0.878941536 1.539486289
N 2.080211163 -0.779032230 0.817542493
H 2.401563883 0.506539047 -0.904524267
H -1.258763909 1.716491699 0.875735819
C 0.500344813 0.578107953 0.326721728
N -0.727949381 -0.223150179 -1.773441195
H -0.162519127 2.530907154 -0.234867349
