20

H 0.768184423 -2.235954046 1.044854283
H -1.664204597 0.464033306 -1.340468526
H 1.688048124 1.388896823 0.118517354
C -0.763358057 1.004194260 -1.037333608
C -0.988038182 1.818750858 0.273448169
C 1.009214282 0.569309652 0.421873152
H -0.669313073 0.249156043 1.761882305
H -0.486698478 1.664559007 -1.881735086
N 0.323795468 0.054007273 -0.764257371
H -1.131193519 -1.427123666 -0.332488507
C 0.806232095 -2.342166901 -0.054834712
H 1.837637305 -2.236376524 -0.374408633
C -0.124338061 1.095417142 1.312886119
H -2.043513775 1.905137777 0.548197865
H -0.197922558 -1.651276708 -1.821613669
H 0.221255213 1.734778285 2.129195452
H 0.481675863 -3.372740746 -0.279397458
C -0.109638467 -1.342773676 -0.767835855
H -0.602476418 2.847943306 0.138232127
H 1.644652724 -0.187771097 0.905286849
