19

C -0.592837512 1.453123927 1.345097661
C -1.269008875 -0.572083592 -0.296462923
H -1.989100695 -0.035667211 -0.911330462
H 0.270783186 2.049871683 1.640709162
H 1.666599870 -2.380474091 -0.287125200
H -0.258301467 1.747591853 -1.421828151
C 0.432623476 -0.302526951 -1.879868269
H 1.149747491 -0.456778735 -2.667572021
H -1.002086043 0.990778208 2.239566803
C 0.756725609 -0.680124521 0.901124179
C 0.396045297 0.972750127 -1.032659650
C -0.199108362 0.387106210 0.323722243
O 0.161197692 -1.978971958 1.222816467
H -1.761541843 -1.207230687 0.425923556
C -0.173330545 -1.245781302 -1.114260077
C 0.769524872 -1.814532280 -0.057884511
H 1.582320213 -0.433538586 1.546844840
H -1.341014385 2.119845152 0.922962070
H 1.400761724 1.386643052 -0.899775982
