17

O 2.651820421 0.811339438 -0.149196506
C -0.558653474 0.971359432 1.149917006
H -0.903902292 -2.314211845 -1.438188553
H 0.473166913 -2.805567980 -0.321766824
C -0.354763269 -0.809958398 0.101122178
C 0.369282424 1.127423048 -1.071561098
O -1.188153744 -1.817071676 0.629213214
H 0.533767641 0.688932836 -2.059888124
C 1.466937780 0.656579316 -0.087093331
H -0.326171130 2.013864756 1.368855596
H -1.306174994 0.581038773 1.843170881
H 1.178745270 -0.469980866 1.823858380
C -0.345487237 -2.120309353 -0.514101624
C 0.638481200 -0.027037263 0.994956493
H 0.376635015 2.217442989 -1.168557286
C -0.862238884 0.577677429 -0.327678889
H -1.843291879 0.718479097 -0.773061574
