23

H -1.113874912 -0.965178847 2.253479958
H -2.366634846 0.662285447 0.998622179
H -0.289599746 -1.197196126 -0.571031511
H 0.841631830 2.113204956 -3.081909180
C -1.707250237 1.228623629 0.338571608
H -1.335052490 -2.400962353 1.257274985
H 1.344621658 -1.470507026 2.449272871
C -0.613098145 -1.607510567 1.516036749
C -0.286533833 0.611451328 0.421426117
C 1.086032391 0.694604695 -1.496908069
H -1.488084793 1.570116401 -1.505933046
O -2.211387396 1.191346765 -0.962557852
H 1.256591558 -0.391353279 -1.461966991
N -0.312135100 -0.823634088 0.339007050
C 1.618749261 1.453851581 -2.676798344
H 1.138352394 -2.883871317 1.380956173
C 0.632067800 -2.249244928 2.115949154
H -1.671876073 2.260654926 0.717726886
H 2.458574772 2.092669487 -2.374753237
N 0.531006515 1.313834548 -0.558639169
H 1.957298517 0.784225523 -3.474394798
H 0.382239729 -2.853361130 2.985589504
H 0.148360491 0.865950048 1.390978932
