15

N 0.184342429 1.645871043 2.670625687
C 0.443667978 -0.422214359 -3.341496229
H -1.629218459 -0.356585026 -0.514044344
C 0.470932871 -0.687976539 -2.184109211
C -0.800355256 -0.757164121 0.063894071
H -1.116489410 -1.633687496 0.626633883
H 0.406604528 -0.193363473 -4.382909298
H -1.671064377 0.984048784 1.942946672
O 2.152418613 0.723092258 0.219560876
C -0.573338568 1.011489749 1.887316108
H 0.987928629 -1.916076183 -0.569111168
C 1.104398608 0.163822323 0.140398517
H -0.378704965 2.142951012 3.367382050
C 0.511323392 -0.960084856 -0.771973372
N -0.092445925 0.255876899 0.844885528
