20

H 1.435825348 0.850512683 -1.580765843
C 0.122457229 -0.719636023 -0.729662895
H -0.459015995 -0.368064225 -2.846319914
H 1.662197590 1.586078525 1.957551599
C -0.897748709 0.322920591 -0.124467678
H -1.420988798 0.821278334 -0.947485149
H 0.129021242 -2.587882280 -0.413421750
H 0.230987966 2.239156246 0.026584351
H 2.161471605 -0.015255566 -0.219066828
O -0.411032826 -2.334373474 -2.388352156
C -0.284241199 -1.162506461 -2.096829414
C 0.321952879 1.192644835 0.311424226
H -0.032747354 1.592851996 2.409374952
C 0.699384689 1.094666600 1.780998349
O 0.351546973 -1.817191839 0.108750694
H 0.784787059 0.057467133 2.092225313
H -1.839491844 0.225491837 1.696993351
N -1.887463570 -0.166126385 0.763647139
C 1.229785562 0.357480317 -0.636745036
H -1.896687865 -1.169512630 0.835566461
