18

H 1.364018559 1.418699980 -1.706035137
C 0.442902535 0.962789237 -1.361983418
C 0.637306154 0.040755332 -0.097553506
N -0.910719931 -0.883421183 1.691266298
O -0.324217498 -0.632243514 -3.200885057
H -2.513446569 0.625200927 1.414798975
N 0.356165797 -1.090131760 -0.987977505
C -0.354272813 0.301575989 1.018564582
H -1.032796383 -0.709074616 2.687346220
C 0.075203001 -0.338888913 -2.104841471
H 2.121314287 -0.842009366 0.974777758
N 2.013228416 -0.027866714 0.370935529
H -0.348864079 1.702539563 -1.283602953
H -0.092975922 1.161275029 1.634773850
C -1.794027090 0.005753961 0.888758898
H 0.256414771 -2.076790094 -0.782804668
H 2.253051043 0.799985707 0.894708216
H -2.148284197 -0.418149650 -0.050246425
