14

C -0.414833188 0.558072865 -0.748033762
H -0.784361839 -1.979194522 -1.929401398
C -0.410346329 -0.942848265 -0.357203573
H -0.744905412 -1.111692429 2.034328938
H -0.759337604 1.052029490 -1.644124627
C 0.891734838 -0.177919805 -0.437124878
H -0.329496592 2.480554104 1.747940302
H 2.682425022 0.205910817 -0.950955451
O 2.023174286 -0.496845245 -1.099651337
N 0.815876782 0.242337361 1.042007446
O -1.036646128 1.942785978 1.426605225
C -0.517713845 0.856385648 0.770761728
O -0.946322858 -2.050091267 -0.982760966
C -0.469247222 -0.579484582 1.127612233
