17

H 0.693180919 -2.381517887 1.185436964
H 0.039536286 -0.544531286 -1.962379456
H 1.631375670 1.681245923 -1.388386369
H 1.007744431 0.357117802 2.122972488
C 0.477904677 0.006899276 1.250830650
C -0.959910512 0.374304444 0.781021535
C -1.207569122 -1.144076705 0.699241161
C 0.388117164 0.195032611 -1.243220210
H -1.630413890 0.914704204 1.458124042
H -0.492020041 2.045119762 -0.504890263
O -2.198112726 -1.816993117 0.745669544
H -1.681755900 0.951263607 -1.226689935
C 0.245606586 -1.459025025 0.808485329
C -0.778781116 0.988395214 -0.616207600
O 1.291043043 0.996233404 -1.979642868
C 1.056169629 -0.475904852 -0.043784339
H 2.117884874 -0.688266993 -0.086580768
