16

N -0.568742633 0.250361860 0.176479951
H -1.901072621 1.390948653 1.211942196
H 1.178639889 -1.801048636 -1.678196788
C -1.629317045 -0.375357002 -0.556300700
C 0.396895528 -1.227143168 -1.191757917
C 0.635607243 -0.275722861 -0.218641803
O -2.811603308 -0.075690202 -0.373902917
H 2.113688707 1.227701783 0.242920250
H -0.348826349 2.211463928 0.912097514
H 2.755512714 -0.377595037 -0.114994846
C -0.820769072 1.258944988 1.177985907
C -0.975128472 -1.308060288 -1.426808834
C 1.938767552 0.155678540 0.372363120
H -0.456772864 0.943345249 2.159934282
H 1.994030714 -0.052557793 1.437124610
H -1.500910401 -1.945269942 -2.130243778
