18

H -0.215543047 -2.299459934 1.751743078
H -1.157084823 -0.372745425 3.047203541
H -2.071740150 0.572146058 0.573898792
C 1.076907396 1.335729122 -2.033219814
C 1.421152472 0.601603329 -0.725615084
C -0.663068235 -0.957537353 0.090703227
N -1.690753341 -0.294923782 0.936768472
C 0.098218411 -1.321042657 1.395866871
C -0.711286783 -0.181277037 2.055290222
N -0.195084825 0.595190108 -1.950261354
H -1.029013991 0.604961634 -2.498128176
H -0.154560015 0.761313915 2.092332125
C 0.107351787 -0.031300589 -0.794350207
H 0.990625560 2.426111698 -1.964457631
H 1.701007247 1.055632591 -2.879918814
H 1.180779219 -1.263419032 1.379744768
H -1.065288067 -1.803326607 -0.492628843
O 2.377381563 0.572343826 0.015029186
