17

N 1.660681963 0.085825399 -1.434464216
H -0.070316724 -1.723363519 0.767569244
C -1.678931832 0.179596782 1.680518627
H 1.127481937 -0.471173972 1.118775845
H 0.273228675 1.886199951 1.194162726
C -0.782874525 0.337414443 0.456204355
H -1.449902296 0.165679395 -0.414318502
H -2.134791851 -0.826636970 1.795262694
C 0.314926654 -0.757689238 0.430321008
H 2.020282507 -0.035824705 -2.371039152
N 0.545218587 -1.999936461 -1.614444375
H 0.984845996 -2.002318382 -2.537646532
H 1.350212216 1.005151391 -1.136336923
N -0.188695475 1.667440057 0.316754401
H -0.932797670 2.357493877 0.249852911
O -1.901589155 1.081191301 2.461758137
C 0.863021016 -0.949049115 -0.962929368
