21

H 2.086319208 0.400253475 -1.211720228
C -1.695313215 -2.696516037 0.159334973
H -2.134488344 -3.654623747 0.302467704
H -0.459092051 0.718004584 1.702006936
C -0.595087111 -0.333811671 -0.204294458
C 0.131356075 0.072505221 -1.504438400
C 0.216394335 0.292363465 0.942970991
C 1.149490118 -0.709431827 1.624451995
H 1.912577748 -1.086273193 0.928397715
H 1.984011531 1.599924088 0.698783636
C -1.238683105 0.577630341 -1.278944612
H 0.604390025 -1.571582675 2.011176825
H -2.044029951 0.057365321 -1.795432210
H 1.680133104 -0.231523588 2.457064629
H -2.049390316 2.163407564 -0.546644151
O -1.394842386 1.956808567 -1.205948830
C -1.189646721 -1.615079403 -0.004859217
C 1.029031992 1.406412482 0.215434477
H 0.463752359 2.349325180 0.194406852
H 0.307063609 -0.640561998 -2.313758135
N 1.236052394 0.945403576 -1.170457006
