17

C 1.493734241 -0.256872177 -1.725796223
O 1.842324495 -1.330802560 -0.775162339
C 1.427794576 -0.534476638 0.274584383
H 0.909982979 -1.138886929 2.344114304
H 0.710604310 -0.559481204 -2.429250956
C 1.009670019 0.646778286 -0.564197958
H 1.575666070 1.563518643 -0.414689779
H -2.394575119 0.955874264 -0.622504711
N -1.491099954 0.658099890 -0.983856082
C -0.437528223 0.691041827 -0.129716963
H -2.480654240 0.199979663 1.518339157
C 0.685819268 -0.636376619 1.406233907
H -1.523795843 -0.176008776 -1.588751793
H -1.605183125 -0.500240505 2.756128788
H 2.384201765 0.080447018 -2.260290384
N -1.604492188 0.202182233 2.014594555
C -0.502468705 0.135223702 1.180222750
