23

H 1.101270199 -2.186160803 -0.084535345
H 0.411156118 -2.590847969 -1.638059616
H 1.233709335 0.277142853 0.653009057
C -1.220814347 -2.249732733 1.365525961
H -1.669991374 1.110468864 0.068961367
H 2.246306181 3.051716089 -0.356115788
C -1.023525357 -2.382877350 -0.077703148
C 0.349655330 2.009624243 -0.371451050
H 0.908572853 3.995310307 0.280183464
C 0.348131120 -0.481377423 -1.195975780
H -0.711540759 1.594494224 1.525811315
H -1.558983922 -3.204009533 -0.555427492
C -0.696527958 1.325741649 0.471852481
H -0.358506173 -1.941533923 1.935274601
H -1.933919907 -2.870658636 1.911943197
H 1.608118892 2.702924490 1.246575713
C 0.472338140 0.537712157 -0.070849828
H 0.054911733 2.253293037 -1.387661815
O -1.851994991 -1.368411899 0.450588852
C 1.332861662 2.989775181 0.232316494
H 1.217129230 -0.379114181 -1.853027821
C 0.265925378 -1.960071683 -0.758444130
H -0.524281204 -0.233406618 -1.792790890
