19

N -1.625254035 -1.148867249 1.134719133
H 3.093865395 -0.988561451 -1.170023203
C -0.342619449 0.853685796 0.257146031
C 0.659241855 -0.120223768 -0.365900278
C -2.430437088 0.684629858 1.855411291
H -0.820481122 1.439105749 -0.545318127
H 2.073425531 -0.869894803 -2.624072790
N -3.179903269 -0.347428888 2.354455471
H 0.148415759 -0.853349090 -1.007863045
C -1.421390891 0.190122828 1.062951207
H 3.355309963 0.323330879 -2.325989246
N 1.710832238 0.601484776 -1.078784704
H 0.193517759 1.571341395 0.883992255
H 1.307952404 1.284847498 -1.694318652
C 2.584366560 -0.279785454 -1.845385671
N -2.682141066 -1.464209199 1.912621975
H 1.155294061 -0.704567611 0.419217378
H -1.125813484 -1.889762640 0.678101718
H -2.654181004 1.718102098 2.099039555
