21

H -0.902296901 1.036888480 1.556186557
H 0.706071794 -1.830825448 -0.891077697
H 2.718336582 -0.309975952 0.667681575
C -0.552624404 -0.006623128 -1.739330530
C -1.869195342 -0.175150990 -0.959689200
H 2.186982632 1.265815854 1.301592588
H -0.549826324 -0.203943014 -2.813397169
H -1.634409547 -1.639109612 0.774091184
H 0.870063066 -1.446852565 1.999824286
C -1.133060932 -0.820586503 0.244948521
H -0.259591073 2.142203331 -1.064921379
H -2.500149012 -0.941419661 -1.446689844
H 0.872146070 0.018237753 2.982977390
H -2.483232498 0.715236902 -0.770845771
C 0.289388359 1.203180790 -1.249327779
C 1.841692090 0.281873465 0.963405490
C 0.125945225 -0.929313898 -0.670652926
C 0.688615143 0.373984039 -0.031585693
C -0.356730014 0.196903631 1.110187531
C 0.820946991 -0.355148941 1.966369867
H 1.120928407 1.424625397 -1.929746747
