18

C -0.172523558 0.483079523 0.609976292
H 0.161954045 1.670880079 2.349905968
H -1.462194324 0.999421239 2.254012823
H -1.010927320 2.369750500 1.231004000
H 0.591859818 -0.113226540 -2.406256437
H -0.977340996 -2.075582981 0.441731989
C 1.079129934 0.482071698 -0.257865846
H -0.026464880 1.460259199 -1.869645953
H -1.923087001 -0.107238956 -0.927399218
H 1.014470220 -2.110522985 -1.508659601
C -0.872308791 -0.179492041 -0.662066162
C 0.729119718 -0.734598219 0.620354056
H 1.996272445 1.034485579 -0.065838441
O 0.182916567 -2.454171419 -1.165529490
H 1.372968197 -1.065263391 1.424657106
C -0.659180105 1.428318977 1.661936283
C -0.269450426 -1.546423435 -0.193427920
C 0.244786575 0.458252728 -1.536889672
