17

H -1.393949986 1.408480644 2.094333649
H 2.381642818 -0.210182920 -0.990577459
C 0.403162152 -1.230388761 -0.770089090
H 0.888016820 -2.166208982 -1.028527498
H -0.119301558 2.060054541 1.055581808
H 0.479748100 0.091366321 2.371094227
H 1.145548224 1.893064141 -0.778584242
C 1.341276169 -0.028545223 -0.737946093
O 0.824067771 1.148207188 -1.286921263
C 0.853751600 -0.628879905 0.569902062
C -2.103824139 -1.096171737 -1.580491304
C -0.954865873 -1.127362251 -1.207296133
N -0.047760855 -0.052791171 1.522959590
H 1.595250726 -1.258702159 1.069316864
H -3.110507727 -1.051472068 -1.885417938
C -0.765553355 1.184823394 1.226346493
H -1.416701078 1.064708710 0.356316447
