22

C -0.666229248 -0.915960610 -0.459151030
C 0.166260734 -2.209361315 -0.487221986
H 1.535414934 1.798641562 2.405971050
H 2.498059034 -0.419931233 2.127322197
H -2.069302082 0.091594189 -1.799305320
N 0.948024452 1.524675131 1.648456812
H 0.717957377 -2.376863003 0.435569555
N 1.900316715 -0.640817106 1.335419416
C 0.180205762 0.341404259 -0.219791904
H -2.102931499 -1.671003819 -1.914554477
H 0.737672448 3.149185419 0.286525220
N -0.624625802 1.555783868 -0.024512287
H 0.816411376 0.469978511 -1.113405704
H -0.557219923 3.029503584 1.508564234
C -1.454099298 -0.800338149 -1.774817586
H -1.396998763 -0.993636966 0.364909887
H -0.487427264 -3.071382284 -0.671049714
H -0.765736043 -0.766595840 -2.632057667
C 0.119276963 2.436899662 0.877778769
H -1.524364948 1.320513725 0.399937868
C 1.128799200 0.319134235 1.000918388
H 0.900535882 -2.171423912 -1.295505404
