20

C 0.257176101 0.324542820 -0.843807578
H 2.242297173 -2.194466114 0.824686587
C -0.628639638 -1.242096901 0.201926485
O 0.637479842 -1.703088403 -1.506041527
H -0.157391027 2.984217644 -0.426372796
H 2.987354517 -0.895531356 -0.127287030
H -1.367636561 -1.007462740 -2.079499006
C 2.131571054 -1.157293916 0.501583874
C -0.883066952 2.341795444 0.077781469
H -0.928227723 -0.022209156 2.032617092
C -0.589704931 -0.916952789 -1.315410614
H -0.901507556 -2.232349396 0.531352401
H -2.211488485 0.136753142 0.816384852
H -1.123183489 2.795382977 1.043487310
H -1.807551861 2.321798325 -0.519204915
H 0.799229860 0.922168732 -1.571248651
H 2.142210245 -0.499711365 1.380548477
N -0.328677118 1.022418022 0.270245135
C 0.852536976 -0.972975492 -0.244967371
C -1.122780561 -0.004938670 0.953225493
