20

H -1.891113877 -0.712611973 -0.846715391
C -0.437549025 0.075952172 0.676407099
N -0.208731383 0.105915539 -1.838479996
C 1.161073565 0.003493026 -1.843704343
C -1.014136672 -0.799569190 1.772958994
H 1.677291274 -1.499332666 -0.419547021
O 1.827937484 0.199001282 -2.848501205
H -0.784711957 -0.391702235 2.769516468
C -1.310620308 1.210667014 0.160557717
C 1.767611623 -0.410900295 -0.506137431
C 1.083382487 0.257422626 0.702013016
C -1.061110258 -0.011924740 -0.695120096
H -0.630832553 0.225368649 -2.761530161
H 1.485744596 -0.175475076 1.633090258
H -2.309306383 1.336655498 0.597876489
H -0.819561899 2.126033068 -0.142135173
H -0.595922470 -1.810088038 1.720038772
H 1.331172705 1.324641943 0.720876753
H -2.107685804 -0.877624273 1.693978548
H 2.837069035 -0.175922021 -0.545443475
