23

C 0.243395448 0.876159966 1.220954895
H 0.754963517 -0.830763519 2.496598482
H -0.561476648 0.233122289 -2.923611164
H 0.240036473 -1.380472422 -0.439034432
O 2.097879171 0.762863040 2.744959593
O -2.372680664 -1.796793342 -1.231614947
H -0.394532889 -1.521618366 -2.825720072
C 1.268013597 -0.057482969 1.906190872
H 1.280587673 2.298800230 1.988713503
H -2.304163456 0.258726925 -0.802591681
C -0.040036611 -0.585790575 -2.408745527
O 0.401820630 2.224762678 1.606235266
H 1.886961222 -0.563837051 1.151996255
H 1.027786255 -0.493324220 -2.650139570
H 1.306406021 0.941408575 -0.646015763
H -1.928978205 -0.877264440 0.500457466
C -0.283919662 -0.528361261 -0.897534609
H -2.732351780 -1.496601343 -2.069549084
C -1.775817871 -0.687299967 -0.577630162
H 2.657648563 0.202459082 3.283414364
H -0.296746373 1.639702201 -0.693889022
H -0.751825631 0.585073829 1.575590611
C 0.277031094 0.796530306 -0.309035361
