23

C -0.603793979 -1.868647456 -0.706159830
H 0.845667362 0.401009023 -2.852844000
H -0.423519909 2.219238758 0.165792793
H -2.099164009 0.098221481 -1.311023116
H 1.746683121 -0.880270541 -2.024554014
H 0.313714504 -1.227579951 1.592806101
C 1.063268900 0.617639601 0.737071633
C 0.530955672 1.775037885 -0.057701942
C -0.590380371 -0.423224449 -0.213609397
H 2.314982176 0.799033701 -1.959826112
C 0.606439352 0.422805786 -0.712753952
H -0.462173283 0.434569091 3.278715849
H -0.811390042 -1.913187742 -1.783897519
H -1.371840358 -2.432574749 -0.180699006
C 1.421345115 0.159490898 -1.958862066
O -1.868140578 0.165982053 -0.374479711
H -1.438391328 1.261064768 2.045145750
H 0.362253010 -2.353585243 -0.538848937
C -1.009319305 0.299401700 2.332540751
C -0.075256638 -0.259122461 1.263919592
H -1.837807894 -0.389156342 2.525630951
H 2.081760883 0.605035365 1.115895987
H 1.304107785 2.488818645 -0.382259607
