18

O 1.442388892 -0.838983595 2.558237076
H -1.950458765 -0.962860584 0.376036316
H 1.158219099 1.740246058 1.638503432
C -0.084539399 -0.248843566 -0.648358643
H 1.147136807 -0.882092714 -2.387573004
H -2.217322588 -0.483869523 -1.333189845
C 0.914491355 -0.383197188 1.571754932
C -0.232633665 1.165259480 0.030151203
C 0.338519275 1.033760905 1.440964222
O -1.660830498 1.092187881 -0.026667088
O -0.168155700 0.566140592 -2.879216194
H 1.788515806 -1.285334110 -0.168181166
C -1.633248925 -0.291350812 -0.426603675
C 0.317698807 -0.191108048 -2.092099667
C 0.776116490 -1.129239917 0.246344760
H -0.429789603 1.207190514 2.206595182
H 0.349386066 -2.136610270 0.417687088
H 0.144506499 2.028705597 -0.524385810
