17

C -0.175685138 -0.237256333 -0.470315307
H 2.731982470 2.935534716 1.154314041
H 1.129742026 -1.334581971 -1.887707233
C -2.577915668 -0.957364321 -0.210857853
H -1.074411392 -1.113688946 1.261814833
C 0.898452103 0.498695821 0.159035310
O -0.447848201 0.111593410 -1.853774548
C 1.751335144 1.119584799 0.725957394
C -1.384980559 -0.442362189 0.450659692
H -0.595470667 -2.000888586 -1.742144346
H 2.715044737 1.798036098 2.499752283
C 2.791084290 1.877615094 1.400484681
C -3.573713064 -1.374414802 -0.741031826
H 3.785153627 1.522642374 1.113543749
H -4.452682495 -1.749312043 -1.209051251
H -1.623320818 0.519492269 0.928446889
C 0.103233650 -1.173325181 -1.579127192
