14

H 2.588986397 -2.325914145 0.658227384
H -1.929806471 2.047355652 -1.570817351
C -0.181216702 -0.277379960 0.372158706
C 2.024608374 -1.549589515 0.156607270
H -2.636222601 1.761732817 0.661584258
N 1.148969650 -2.020260334 -0.906850159
C -1.605365634 1.982468486 0.348386168
C -0.820426643 0.759657264 0.372189403
O -1.577731729 2.650878668 -0.910282850
H 1.028553605 -1.327290058 -1.632255554
H 0.103662759 -2.288549900 0.969000936
H -1.217947841 2.697285175 1.074206829
H 2.537534475 -0.598639011 0.058747906
C 0.536402524 -1.511754751 0.349097073
