16

C 1.966611266 -0.007686294 -0.522921741
H 2.359344959 -0.984095454 -0.838110447
C -1.312077045 -0.063166402 -0.872665346
C -0.840633810 -0.206229478 1.558191657
H -1.815311432 -0.448005766 1.984847784
O -0.217580587 -0.269977778 -1.820390224
H -0.495872617 2.117012501 -0.668539166
C 0.472668856 -0.005328048 -0.538416266
O -0.791886687 1.185308933 1.178897381
C -0.565053046 -0.892071664 0.228148788
C -0.547145128 1.140233278 -0.204325512
H 2.367107391 0.742696643 -1.205137491
H 2.335782290 0.208528161 0.491875798
H -2.331496954 -0.137098983 -1.230160713
H -0.063753992 -0.412596107 2.316133738
H -0.520702958 -1.967523694 0.142571658
