16

O -2.264938116 1.961835384 0.512947619
H -0.714972436 2.057020664 -0.758248985
C 0.932012856 -1.364145398 0.467803150
H 1.430082083 -1.948966503 -0.309455097
C -0.445090860 -0.694690049 -1.442688227
H 0.781644166 -1.997330546 1.354665756
C -1.195367813 1.585990429 0.124818251
N -0.322905481 -0.781477213 0.013651102
O 1.606106639 1.903469563 1.219689250
H -1.420636892 -0.272037774 -1.709250331
C 1.090289831 0.852665067 0.974449456
O 1.808687449 -0.279313087 0.825114250
C -0.395746768 0.468799978 0.759097874
H -0.384938866 -1.700294256 -1.857669830
H -0.837912381 0.296332717 1.747932196
H 0.333685815 -0.087859347 -1.922856569
