20

H 1.326892972 -0.345548004 -1.630588651
H -1.483954549 2.032000303 -0.339871675
C -1.184525728 -1.200012207 -0.084892869
H 2.919501543 -0.217803583 -0.844593048
H 2.080966711 1.476304770 0.730042398
O 1.946895123 -2.078387737 0.828249097
H -0.186412051 1.449148297 1.445545912
H -0.797025383 -1.570729613 -1.049719930
C 1.845203519 -0.144630343 -0.679621041
H -0.192013741 -0.932111323 1.858217716
C 1.332967997 -1.151448011 0.367956072
H -1.733643413 -2.021938801 0.378744155
C -0.012626462 0.871528506 0.535304070
H 1.318145275 2.001913309 -0.784777939
C -0.049173512 -0.656697810 0.812139332
H -2.734310627 0.179409370 0.528658450
H -2.659487247 -0.030545855 -1.230621696
N -1.070921421 1.114976883 -0.458186924
C 1.381605625 1.187773466 -0.059909664
C -2.048084736 0.036798678 -0.322074205
