18

H -1.498992801 1.103963494 -2.112033367
H 0.169677585 -2.396610260 -0.442841977
C 0.381932586 -0.287899613 0.249129400
H -1.080427408 -1.584120274 1.332372069
H -2.235484123 -1.307641268 -1.121049047
C -0.016556976 1.017876744 -0.499497145
C -1.348073602 -0.786690891 -0.750587642
H 3.420513868 -0.331853330 2.381525517
C -1.067503929 0.615394354 -1.263122082
H 0.631415725 -1.294272661 -1.803172350
H 0.081510693 3.012414217 -0.702527225
C -1.055758953 -0.638087988 0.790512145
C 1.567058444 -0.293935329 1.072862506
H -1.598706245 0.145954266 1.340526342
C 0.094708197 -1.384240508 -0.848263919
C 2.544766665 -0.320632488 1.764527440
N 0.518507183 2.259527922 -0.191717222
H 0.491413355 2.470853567 0.803357065
