19

H 1.254991531 0.866447687 -2.212209463
H -1.030170441 4.279648304 1.975255251
H -0.031605825 -0.250102073 -2.754797459
C -0.701454937 3.280936241 1.810003638
C 0.455413640 0.202432483 -1.885508180
C -0.130653456 0.112194970 0.069634572
O -0.514657140 0.889439940 -1.051458240
C -1.045735359 -0.252297133 1.189983845
H -2.055058002 0.122677512 1.144641161
H -0.925258398 -1.210890889 1.690516591
H 0.928022265 0.482029915 1.968318105
H -0.623096168 -2.319440365 -1.197014928
C 0.425925076 -2.222397804 -0.915481985
H 1.860667348 -0.679745495 -0.411483705
C 0.818536282 -0.762726247 -0.735645711
C 0.057107955 0.793943822 1.409449339
C -0.357632160 2.153466702 1.612955332
H 1.029220104 -2.689872503 -1.702576637
H 0.585437834 -2.795744658 -0.004581694
