17

O -0.643845081 0.305452675 -2.963829517
H 2.235875368 -1.097397327 0.448405564
H -0.194533035 -2.170589685 -2.564264297
C 1.271283388 -0.974468827 -0.025545051
C 0.576521933 0.288506448 0.316026717
C 0.120883830 1.347591281 2.360346317
H -0.613306463 1.701305270 -0.814081967
C -0.608204424 0.642590404 -0.568058848
H 0.651649892 1.320944905 3.304551125
H -1.548031449 0.407288432 -0.057813644
H -1.212831378 -2.091925621 -1.142115116
C -0.332583427 -1.656960130 -1.613790989
N 1.011641979 0.931428194 1.310221195
H -0.196146071 2.383999586 2.210342646
N 0.825434744 -1.889641523 -0.756861806
H -0.771831989 0.725547791 2.420774698
C -0.571978033 -0.173672155 -1.864307165
