18

H -1.180976033 -2.242412090 -0.476765990
C -1.033697248 0.788407803 -1.469585180
C 0.720064282 1.318220258 0.570769668
C -0.729498029 1.073376656 0.015993884
H 1.693370581 -2.123483419 0.990840197
C -1.521455288 -1.219346285 -0.282016814
H 1.437658668 1.683733702 -0.166178241
H -0.107711844 0.753739357 -2.062688589
C 0.752259433 -0.202400386 0.800084054
H 0.805992723 1.928143263 1.479573011
C -0.532733381 -0.373833239 0.444703817
H -2.504752159 -1.286755323 0.222722009
O -1.691532850 -0.501042604 -1.524893522
H 2.507234812 -0.798827946 1.860825062
H -1.719461203 1.508983135 -1.936519980
H -1.506872058 1.674317598 0.491539866
C 1.961461544 -1.061053991 0.943708718
H 2.650647640 -0.919767261 0.097888008
