23

H -1.089892745 1.306075096 -1.456180334
C 1.509446383 0.060842454 0.113746025
C -0.049534280 1.179593444 -1.173808336
H 0.559260607 1.607187867 -1.988482237
H -1.798391938 -1.182420492 1.326589704
H 0.142828256 -0.378163427 2.635944843
H 0.800195396 -1.925406694 0.774339437
C 0.765101969 0.923452079 1.143372536
H -0.141593546 -1.269618988 -2.748849630
H 1.394010544 1.424104929 1.876231313
C 0.375088125 -0.324979186 -0.883611202
H -0.612555623 -2.247299671 -1.358506799
C 1.181349277 -1.323592424 -0.052752882
H -2.185760260 0.262755364 2.252941847
H 2.454411030 0.461072117 -0.247841164
C 0.283230335 1.935904026 0.087228619
O 0.339652449 3.124267101 0.236831978
C -0.547021389 -1.210778356 -1.731073618
H -1.880148649 0.380038381 0.523783147
H -1.564275980 -0.833334386 -1.794075966
H 1.817454696 -1.872133374 -0.739523947
C -1.578281403 -0.126007542 1.436260343
N -0.174573496 0.028441876 1.767436624
