19

H -0.744990051 2.108089924 -3.282685995
C -0.075907156 2.085194111 -2.406612158
C 0.869302571 -0.820785403 -0.581526816
C -0.087634459 -1.893988013 3.280217171
H 0.717372358 2.835143566 -2.527385712
C 0.522664607 -1.223498702 0.780658841
H -1.152547359 -1.727210999 3.499600887
H 1.000167489 -1.713834286 -1.207604766
H 0.126798168 -2.949070454 3.472582579
H 0.000548860 1.463309288 0.439756989
O 0.525023043 0.806060731 -2.310677290
C 0.237936750 -1.535676599 1.913130641
O -0.817918539 2.348554134 -1.233613133
H -0.965948820 -0.483782053 -1.672632337
H 0.495436728 -1.307947397 3.997418642
C -0.134805575 0.110046782 -1.260943890
C -0.685838878 1.222460389 -0.371275753
H -1.672014713 0.990795851 0.051287729
H 1.842355251 -0.313859642 -0.579695046
