16

H -0.911174476 2.531352520 -1.182748914
H 0.924945652 -2.714503765 -0.447208524
H 0.529191673 -1.015051007 -2.406996012
H 0.536818922 2.939267874 -0.494072288
C -0.183482990 1.080393314 0.032528292
H -0.222697571 -2.194888830 2.513631821
C 0.004157089 -0.060968947 -0.718145490
H 0.633078635 0.632388949 -2.506534815
N -0.334911376 2.439110041 -0.353066564
O -0.291858822 -1.239319324 2.659238577
C -0.196437299 -0.643604338 1.458622336
N -0.284728795 0.710264385 1.350558281
C -0.011167082 -1.161992550 0.194302991
H -0.338796526 1.345249057 2.127795935
N 0.101517774 -0.139184043 -2.124643326
O 0.045545455 -2.508513451 -0.103262752
