22

C -0.135438189 0.643891811 0.380991369
H -0.708196342 -2.275810003 3.728491783
O -0.506164193 1.630119920 0.972687125
C 0.189595044 0.649253905 -1.096811295
C 0.710906446 -0.686261892 -1.633239865
H 0.691758513 -0.387333840 2.878287554
C -0.218928054 -0.690221786 2.351571798
H 1.977497578 1.634903908 -2.040111780
C -0.554696918 -2.149195671 2.649001598
H 0.260025382 -2.796239853 2.335476875
C 1.028557181 1.875461698 -1.546482205
H 0.936521173 -0.586840153 -2.705091000
H -1.468628407 -2.451047897 2.120906115
H 1.617924690 -0.992895007 -1.118398190
H -1.027435422 -0.013106778 2.658004522
H 1.169234276 2.618819714 -0.753877223
H -1.316758990 0.681458116 -2.775944471
O 0.012231653 2.284088373 -2.468436003
H -1.718750000 1.756365538 -1.398606300
C -0.908312559 1.307359219 -1.976032257
H -0.023098920 -1.479102731 -1.504209399
O -0.007843982 -0.573666453 0.941820860
