18

H -0.699172795 0.866664529 2.636289120
H -0.596567571 0.295555949 -2.340240002
H 1.577135205 -1.839969277 0.395464957
O -1.755664110 0.229941651 -0.569931448
C 1.406994581 0.218531400 0.229323760
O -1.599177480 -0.823107421 1.977081299
C -1.131707549 0.268755645 1.809660673
H 0.839617848 -1.515209675 -1.892993808
C -1.120077491 0.982430279 0.471797675
C 0.229399309 1.007370949 -0.317336053
H -0.580701053 -2.122399569 -0.998877227
H 2.259386539 0.361722589 -0.457078367
C 0.160326079 -1.312359095 -1.050021768
H 1.741842031 0.517669976 1.226234436
C -0.505060136 0.045611769 -1.271530509
H 0.495301008 1.993580461 -0.699836314
H -1.577881455 1.975029588 0.612658143
N 0.856007397 -1.149819970 0.239335269
