18

C 0.795794904 0.361084163 -0.447984368
C 1.224256277 0.397779286 -1.823776126
N 1.535914540 0.489513248 -2.931890011
H 2.548752308 1.337897539 0.447705984
H 1.655811191 0.293231189 1.642027617
H -1.593435407 -1.257753611 1.672791123
H -0.194077209 -2.156889439 1.064352155
H 0.020500015 -0.763822377 2.164005280
H 0.433455974 2.672341347 -0.002981513
C 0.388528556 1.622600436 0.293821961
H -2.452024221 -0.888159513 -0.620116055
H -1.454364538 -0.112808570 -1.852503777
C -0.536493242 -0.238684699 0.101462595
C 1.611650825 0.864944160 0.731585324
H -1.095281720 -1.774303436 -1.329963923
C -1.428016663 -0.783478439 -0.997254193
C -0.556460500 -1.160479903 1.326169968
O -0.904510856 1.096988440 0.562547922
