21

H 2.377616882 -0.722335398 1.133248568
H 1.409446836 1.241262078 0.572508931
H 0.120326675 -2.419509649 -0.219673976
C 1.984513521 -1.560632229 0.567422211
H -1.979234457 0.241997957 -1.301152349
H 0.505291104 1.756749153 -2.134827852
C -0.286003053 -0.290467560 0.110293016
H -0.639432609 -0.634346485 -2.070304871
H -1.527758121 2.214628935 0.185446903
O 1.822163343 -1.336126685 -0.839580297
C -0.903318524 0.090560175 -1.292170763
H -0.030213142 3.212121487 -0.081979364
H -1.932960510 0.278331310 1.403449893
C -0.496723324 2.231541157 -0.150646821
H -0.721126258 -0.731408238 2.198481321
H -1.870077252 -1.443951845 1.044647574
H 2.391465425 -2.533187866 0.843530357
C -0.058140356 1.370917678 -1.300127864
C -1.254672766 -0.563593924 1.251562119
C 0.648921669 -1.474938154 -0.032469016
C 0.439914912 1.072387457 0.112342350
