16

N -0.018519590 -1.389934540 -0.970834613
H -2.671098232 -1.116418600 0.553106666
H -2.789768219 0.136693224 1.820204973
H -3.155144930 0.545131743 0.123101249
H 2.879671335 -0.473835737 -0.235832810
N -1.127468109 0.264280289 0.591770411
C 2.009787083 -0.159117848 -0.817082405
C 0.638991475 1.447655916 0.855002999
H 2.364892006 0.520882189 -1.595785618
C 1.220658422 -1.335932970 -1.365538239
N 0.968343437 0.424149245 0.004341851
H 1.324122071 2.205634117 1.186087489
C -0.177259684 -0.313826829 -0.148210034
H 1.661752701 -2.084284782 -2.003881693
N -0.608691692 1.393505692 1.224949241
C -2.520267725 -0.064580858 0.778600752
