17

N 3.233719349 -1.620049715 -0.064040199
H 1.267092109 -0.291862369 -2.129201889
H -1.174977303 -0.728318274 2.603362322
H -0.392701715 2.049644470 0.490197629
H 1.521301150 0.900587082 -0.872036099
C 1.296240211 -0.164290711 -1.053449154
C -0.055020101 -0.546046376 -0.434605211
C -0.209919542 -0.091086432 1.038978815
C 2.393295288 -0.969176114 -0.506047785
H 0.713153899 0.101439305 1.590312004
C -1.198337674 0.450557649 -0.822900116
H -1.918407679 1.390745521 1.120264411
H -1.031878233 1.056792736 -1.715289712
H -0.257434636 -1.599981546 -0.597075462
C -1.014135242 1.151124716 0.551684499
O -1.015126467 -1.036848426 1.712124109
H -2.156863689 -0.053231567 -0.912277877
