23

H -1.669317484 1.778140903 1.836667061
H -0.383555979 0.986329973 2.794086695
H -1.032763600 -1.147508144 1.577309608
H 2.582221270 0.785787940 1.149643779
C -1.072101116 -0.213547453 1.011440277
C -0.919203937 -0.217415661 -2.348803759
H 1.802237511 0.088736266 -1.130047321
C 1.375427961 -0.369996130 -0.237676799
H -1.872746706 -0.153187275 -2.894791365
N -2.033193111 -0.172261089 -0.090816416
H -0.662089050 -1.265107155 -2.227801323
H 3.310985804 -0.753697872 0.611302376
H -2.874320507 0.370056599 0.091614470
H -1.254978418 1.559751272 -1.174174190
C -1.059901953 0.486849487 -1.014186025
C -0.812389910 1.094363928 1.789223909
O 0.196266502 1.527309299 0.844148517
C 0.048771854 0.334549785 0.072944097
C 2.378091335 -0.259116828 0.903254569
H -0.153799772 0.255067289 -2.964275837
H 2.003974676 -0.760857761 1.812998295
O 1.149534583 -1.728268504 -0.611551642
H 0.952849865 -2.225978851 0.199491188
