21

H -0.938168883 0.291883111 0.519978583
O 0.489218235 -1.650177598 1.826817870
C -0.175694332 -0.239689872 -0.038248595
H -1.400441647 -2.599305153 -0.825782657
H 0.814221561 3.980743170 0.721600235
H 0.391553640 -0.834619701 -2.129317999
H -0.295662403 -1.470044494 2.367595434
O -0.577727616 2.688270807 -0.254633397
C 0.906486511 0.677188039 -0.559101462
H -0.779288173 0.566555440 -2.025425673
H 0.934312224 -2.070422649 -0.070191033
H 0.358464599 2.443127155 1.627354980
H -2.021795034 -2.130385399 0.765962601
H -0.954374492 -3.541803122 0.613353729
C 0.474587113 2.945132256 0.665513456
C -1.141438007 -2.538263798 0.226569384
H 1.210487962 2.666612625 -1.382023215
C -0.022934871 -0.031565480 -1.526358724
C 0.078958921 -1.642634392 0.466126204
H 1.921266079 0.321668625 -0.451525778
C 0.727969110 2.167729616 -0.538263261
