18

H -1.997917533 0.747063100 0.738404036
C -0.095426857 0.650616467 -0.325861186
C -1.106026649 1.361673474 0.624435067
H 0.865172565 0.119745731 2.259296894
N 1.853920817 -2.015064955 -1.540598392
O -0.560576975 -1.508085608 0.762565911
C 1.427978992 -0.377193153 1.469390154
H 0.755875826 1.325577378 -0.476932675
C 0.490502775 -0.675047994 0.285762489
C 1.255917072 -1.401952863 -0.750097215
H 2.264172077 0.245973602 1.161409616
H -1.394476771 2.324395895 0.217091948
H 1.813448548 -1.323392272 1.859491110
C -1.295750141 0.247485071 -2.671897173
C -0.735566795 0.424938351 -1.616209626
H -0.671568811 1.520487785 1.608237743
H -1.122971773 -1.762260199 0.013453216
H -1.746705770 0.095039718 -3.617941618
