21

C 1.321572781 2.273877859 -3.158120394
H -1.547520995 0.210133791 0.795173943
C 0.068994597 -1.139867067 0.276792705
C 0.468492955 -0.442172110 -1.034996033
H 2.049311876 1.173626900 0.842673838
C -1.378384113 -0.867755413 0.719647467
H -2.777983904 -1.354052424 2.310629368
H -1.105840564 -1.197569489 2.862074137
C -1.734171629 -1.541217327 2.035070658
H 0.762299538 -0.878287256 1.083076954
H -0.367161483 -0.517500222 -1.737223625
C 1.193669796 1.638263702 0.349298298
C 0.900130868 0.983582556 -0.950043023
H 1.280382752 -0.991435111 -1.509179354
H 1.419919729 2.694870710 0.211622432
H 1.498355150 2.796786547 -4.054314613
H -2.062058687 -1.224328399 -0.074300751
H -1.620998859 -2.635269880 1.976507187
C 1.112666607 1.678918958 -2.124102592
H 0.179046363 -2.222524166 0.143762380
H 0.339277089 1.561918139 1.035951018
