17

H -2.010146379 -3.195585012 -1.478843331
C -0.569804609 0.128608778 0.756409764
C 1.118317366 1.782900929 -0.274084598
H -0.907909751 1.979408979 0.100365721
C 2.074795723 0.696959138 -0.492032915
C 2.869505405 -0.182131946 -0.676303744
N -2.222541332 -2.201666832 -1.338212490
H 0.275441021 -0.547375023 0.895943463
C -1.322212815 -1.704598069 -0.612639248
N -0.115620069 1.453725219 0.455042809
H 1.607736826 2.589441061 0.290606916
H 0.853843987 2.231576443 -1.233350515
H -0.418725997 -2.204793215 -0.222547054
H 3.574672461 -0.963062048 -0.830740154
C -1.384477973 0.225061536 1.985315919
N -2.010240078 0.310446799 2.949791670
O -1.412633538 -0.398916841 -0.274721801
