18

H -2.398775816 0.052352015 -1.332676768
H 0.928917527 0.975451291 2.959883690
C 1.540092468 0.710109830 2.087368727
C -1.755337358 -0.818649232 -1.146879911
H 2.289045334 -0.021870572 2.424077511
H 1.058637857 0.557207763 -2.476033926
C 0.496449977 0.388604164 -0.417419016
N -0.290193528 -0.756514847 1.003744721
H -1.408111334 -1.157079697 -2.128660679
H 0.541103423 2.084582329 -1.714331269
C 0.721120834 0.187629133 0.980940580
N -3.228016853 -2.650363684 -0.006749575
H -0.614230156 -1.385582566 1.715090752
C -2.577971220 -1.860383272 -0.530225754
H 2.074592352 1.609682322 1.768024325
H 2.137225866 1.406630278 -1.348139524
C -0.607660472 -0.463701695 -0.292178571
C 1.093111157 1.141896129 -1.545835018
