18

H 1.245468974 -1.759379387 0.600812197
C -1.722697377 0.510692358 0.498320490
H 0.966912627 0.505068064 -2.884341478
H -2.640905857 1.072679162 0.403670102
C -1.710553765 -0.659208953 1.136336327
C 0.620013833 -0.992115855 1.064103365
C 0.828623533 0.377092570 0.371727526
C -0.483642608 1.067191362 -0.110328823
H -2.540681601 -1.027120233 1.721671700
H 0.278205901 -0.899596393 -2.003582001
H 2.318035364 -0.359545201 -0.862698853
H -0.435211658 2.137777328 0.116723284
O -0.697700262 -1.544343233 1.056261420
N 1.591783404 0.348281026 -0.873657167
O -0.494672626 0.946596205 -1.527681231
C 0.609880507 0.152813867 -1.907937407
H 1.348535538 1.028196335 1.086035132
H 0.918606281 -0.905079007 2.114565134
