18

H -0.528821409 -0.503211200 -2.645687103
H 1.022160411 -1.433798909 2.571203470
O 2.386459112 -0.054214675 1.802576303
C -1.114452004 0.708243906 -0.933177173
H -1.437910795 -1.423924565 -1.428240895
C -1.349927545 -0.446662664 -1.926019907
H 1.148131728 -1.386772633 0.054905888
O 0.999874890 1.448162079 -0.182843268
H -2.263975143 -0.257458627 -2.477545738
H -1.904232502 0.672946811 -0.176702335
C 1.055154562 -0.504500687 1.995973229
O -1.115838528 1.926383257 -1.613160610
H -0.276892334 2.362826109 -1.371653438
H -0.489681900 -1.312481403 0.694155753
C 0.443730086 -0.751272321 0.610616803
H 0.451829702 0.240151018 2.535311460
C 0.209201410 0.533535779 -0.157084808
H 2.765189648 0.182049125 2.647372723
