18

H 2.378299952 -0.215878293 0.628459275
H -0.912799716 -1.265705705 -1.725657225
C -1.002268553 0.127984881 0.127585292
H 1.622414112 -0.647777796 -1.980920911
H 0.665820003 -2.554249287 0.444702268
C 0.464626282 -1.522963643 0.204396099
H -2.185599804 1.722860932 -0.751412272
C -0.314041644 -0.782285213 -0.956611276
C -1.298449397 1.603936434 -0.124218307
H 0.860474288 -0.517201424 2.803417683
C 1.007397532 -0.049036909 -1.291352749
O 0.090080887 -0.123885013 2.395501852
H -0.469486952 2.128821850 -0.604618549
C 0.139783397 -0.300058067 1.025974631
H -1.495115042 2.117889643 0.826800406
C 1.406355381 -0.311396718 0.157097012
H -1.909470916 -0.384168476 0.486338288
H 0.951980412 0.973112643 -1.665481091
