18

H 0.927247226 0.745816350 2.112624168
C 1.522834301 1.193677425 1.308178306
C -0.443695992 -2.392388344 -0.299207151
H 1.541510463 2.276302099 1.463223100
H 1.302985549 -1.785830855 -1.493788123
O -0.352803379 -1.372019172 0.721379399
C -2.612947464 2.323836803 0.098601714
C -1.625883222 1.642158866 -0.029284677
H 2.545050621 0.824287593 1.396014094
C 0.103103481 -0.420208931 -0.253193587
H -0.225449324 -1.329161525 -2.271496058
H -3.483059168 2.915380716 0.236470580
C -0.516229689 0.876643360 -0.197489783
H 0.069726035 -3.320604086 0.006619798
C 0.934296548 0.836632729 -0.043000497
H -1.493791461 -2.631681442 -0.532976508
C 0.265811712 -1.508368492 -1.318353653
H 1.541293621 1.125527143 -0.904321074
