21

H 1.049055815 1.663756013 1.145227551
H -1.928216457 0.851034224 0.004667689
C -0.636019349 -1.372464061 0.621410131
C -0.967527688 0.863987267 -0.523221016
C -1.171401620 0.448195904 -1.986930132
C 0.049061149 -0.048520271 0.230044365
C 1.055628538 -0.371577322 -1.869528055
C 0.581220210 0.724694073 1.469922781
H -0.593727231 1.900415421 -0.497283369
H -1.274695516 1.342482924 -2.622402906
N 1.226139188 -0.321609855 -0.631190360
H -1.058797359 -1.853368759 -0.268606275
C 1.609809518 -0.012895945 2.304558039
O -0.116089232 -0.334012300 -2.555564642
H 2.255866528 0.662502408 2.919490576
H -0.261262804 0.975608766 2.136278868
H -2.096558571 -0.147511035 -2.107380152
H 0.081707075 -2.062395811 1.071566701
H -1.446826577 -1.190636396 1.331546783
O 1.741903186 -1.200660706 2.373291254
H 1.900730610 -0.517024755 -2.545897961
