21

C -2.580000162 -0.966840506 0.547438920
H 2.775153160 2.667336464 1.181456208
C 0.585190415 1.020674706 0.155012593
N -0.746457815 0.574589729 0.418035477
C 1.470583916 0.987663388 1.429213524
H -3.303574324 -1.081028104 -0.277268946
H -2.503710985 -1.952243924 1.028928876
H 0.545201421 2.082489491 -0.151237726
H -0.226972371 0.090746298 -2.578770876
H -2.971789360 -0.244434103 1.258856654
H -1.188410282 -2.428317308 -1.050611496
O 1.077861309 0.541365683 2.479839802
C 2.849829197 1.582639456 1.285002232
H 3.353243351 1.207453251 0.383066744
C -0.671798408 -1.467282414 -1.041534424
C -1.250031352 -0.526526809 0.017465703
H 3.459421158 1.340998530 2.168361187
O -1.381304383 -1.383278012 -3.344089508
H 0.384641677 -1.660244823 -0.815378010
H 1.092014432 0.482891709 -0.651357532
C -0.769090712 -0.868653119 -2.442429543
