16

N -2.032788515 -0.007298385 2.823192120
C 0.635765374 0.339479238 0.422855020
H -0.389299184 -1.618770242 -2.852893353
N 0.048075490 -0.099118255 -0.724283516
H 1.658034563 -0.893671036 -1.807896972
N -1.107708693 0.470708817 3.598376036
H 1.206652761 0.755829275 -2.226526737
H -0.715280652 -0.080998436 -3.321892738
H -0.864532530 -0.529643118 -0.638439536
N 0.014057204 -0.717588902 -3.073363066
N -1.528387308 -0.137090698 1.559198022
C 0.792732179 -0.224003270 -1.955077171
H 0.826153874 1.033317327 3.260438681
O 1.772731900 0.745485306 0.509031892
C -0.288865328 0.287330985 1.578215003
N -0.027340952 0.676031291 2.849067211
