19

H -0.140341088 -1.537031174 -2.046129942
C 1.087228656 2.055748701 1.746250391
C -0.023496084 0.697967947 -0.283381492
O 1.025657177 -1.585016131 -0.247178078
H 1.735912085 0.414965749 -1.516327024
H -0.676521420 -2.774417400 -0.790589869
C -0.126112431 -0.806531429 0.071418136
H -0.375840992 -2.068340778 1.785856962
H -1.755539060 1.342333198 0.333831370
C 0.590582013 1.429617167 0.824273169
H -0.647524774 -0.345782548 2.128132343
H 0.980830848 2.033500433 -1.659692049
H -1.871646643 -1.275854945 1.249407530
C -0.186252937 -1.816499352 -0.998614788
C 0.783332705 0.953528941 -1.556426883
H 1.522546649 2.620192766 2.526773691
C -0.789313972 -1.130462885 1.394330859
O -1.354921222 1.167209506 -0.525893092
H 0.221420988 0.624872446 -2.436040878
