17

O 0.539704502 1.053331017 -3.049936295
C 0.407167763 0.874292254 -0.220042914
N -0.286067039 0.080548003 -2.506125212
C -0.003483851 0.345846176 1.160096645
H -1.038899422 -1.940112710 -0.867944121
O 1.208436370 1.760017633 -0.410706788
H 0.475061566 0.901333869 -4.004130363
H -2.289512634 -0.712333024 -0.764559925
H 1.607087374 -1.075146198 1.438161492
H -0.462273210 1.171223402 1.722079515
H 1.985460162 0.574318528 1.985061407
C -0.348594278 0.068760604 -1.239156723
H -1.744666815 -0.769989908 1.502153754
C 1.208723426 -0.189483508 1.938655853
H 0.918411374 -0.472428560 2.951283693
N -0.939972878 -0.750085711 0.894068480
C -1.236582637 -0.920092106 -0.528958976
