15

C 0.335914761 -1.097352266 1.295038104
H 0.590352714 -0.376741052 -2.338013172
H -1.827157497 1.174656987 -1.747308612
C 0.924201846 0.574349701 -0.175408766
H -1.856724858 -0.711650848 1.116567135
N -0.988133430 -0.760051548 -0.849052846
H 0.328476608 -1.888472199 2.045493126
C -0.885310173 -0.485972643 0.669990838
H 1.604579449 1.390953302 -0.425681710
C -1.069386482 0.701094747 -1.117774844
H 2.446800947 -0.811883032 0.868003249
C 1.412344217 -0.499446660 0.761296749
H -0.685996532 1.830050588 0.982209742
C -0.513031185 0.972627521 0.316201746
C 0.183069155 -0.012162443 -1.401560426
