23

C 0.423142701 3.222473860 1.233681679
H -1.110579729 -0.649611473 -1.490188479
H -0.001475278 3.481410742 2.189848185
C -0.126914859 1.864410758 0.752009213
H 0.407492608 -1.174157262 -2.241570950
H 0.000116864 1.059620261 2.746787071
H 1.512900591 3.181225777 1.350411892
H -1.910180449 -2.971196175 -1.285215020
C -0.351888150 -1.415871620 -1.484571457
H -0.301311761 -3.598298311 0.492627501
C -0.871418715 -2.871272326 -1.574423313
H -1.212063551 1.963393807 0.669340909
O 0.667490780 2.503527403 -1.435801387
H 1.037285805 -3.598243713 -0.683669508
H 1.230107188 0.406475931 1.646835327
H -0.416043818 -0.156436563 1.535657167
H 0.196650267 4.005213261 0.513879061
C 0.186144650 0.722281337 1.717830777
H -0.667832077 -3.401188374 -2.498281717
C 0.093297400 -3.114978790 -0.399556100
C 0.394998521 1.634356022 -0.649485588
O 0.253027737 -1.696415782 -0.214747518
H 0.567053318 0.603281438 -0.891398013
