17

N -0.121906519 -0.764517903 2.375946999
H -0.913044930 -0.122761339 2.392243147
H 1.911398411 -0.487885505 3.053100348
O -1.143559337 0.675877392 -1.882801652
H 1.069158673 0.843787313 -0.434412181
H -1.550831795 -0.706649661 -0.428376108
H 1.061853647 1.073339701 2.657951117
H 1.188519239 -1.425509691 0.824479043
C 0.696728766 -0.523929060 1.183498383
C -0.876544416 0.440736890 -3.179272175
H -0.138670519 -1.091925740 -1.410248995
C 1.122165918 0.005521056 2.501018047
C 0.210851818 0.418460190 0.105360694
O -1.342064142 1.093211651 -4.063580036
C -0.676217437 -0.276339352 -0.918619275
H -0.172780290 -0.401593119 -3.319488287
H -0.325056762 1.250177145 0.543200612
