20

H 1.524185300 2.163054943 -0.388526469
C 1.043518305 -0.527016938 -1.926785111
O 1.509902000 1.801370978 0.505019963
H 0.907476664 -1.555618286 -2.266512394
C 0.343970597 -0.315332890 -0.613318145
C 1.024410725 -0.720266938 0.681403041
O -1.982665300 -1.129807115 -0.349951625
C -1.146332264 -0.008874583 -0.454902440
C -0.862543285 0.874633789 0.821937740
C 0.627839446 0.722863019 0.528855860
H -0.360822916 -1.356612682 1.844170690
H -2.882068634 -0.834645391 -0.196755081
O 0.511273563 -1.656475186 1.567169785
H 2.088226080 -0.856042147 0.544200957
H -1.478730083 0.668649733 -1.249274373
H 2.119699717 -0.342727512 -1.836628079
O -1.392653346 0.286945701 1.996283650
H -1.029988170 0.748756588 2.768970013
H 0.649500430 0.136672631 -2.698900461
H -1.214199066 1.900472283 0.723542333
