17

C -0.356164694 0.235081062 -0.165056840
O -2.661716223 -0.431110859 -0.817041993
H -2.314100742 -1.328577280 1.083124995
C -1.271962166 -0.751304507 -0.763849139
C 0.043208245 0.434362859 1.240320683
H 4.626653194 0.040465809 0.511765063
H -0.144363567 1.364380240 1.769810081
C -2.242363453 -1.505088091 0.012625271
H -0.902904689 -1.201929927 -1.691412449
H -2.559776783 -2.489514828 -0.314948916
C 2.398712158 0.314598590 0.225024581
H 0.118190728 -0.465290427 1.840543747
C 1.012263656 0.545724154 0.085928202
H 0.030498246 2.423470974 -0.573232651
C 0.238120854 1.398655057 -0.876846015
C 3.575384855 0.162771270 0.374707192
H 0.410320044 1.253305554 -1.941462040
