17

C -0.341058463 -0.100664735 0.573722005
C 2.677668810 2.068711758 0.640375078
O -0.655278146 -1.897387028 2.101391554
O -0.646883726 0.726332486 1.645940185
H 0.385639787 -2.215395212 0.399040818
N 0.860057950 -0.029462822 -1.467696548
H -1.781435847 0.940410316 -0.638005257
C -1.376785040 -0.087123856 -0.575751543
C -0.516270399 -0.387741536 -1.824576735
H -0.995484531 0.139908046 2.342425823
C -0.175604433 -1.534621477 1.053216219
H -0.819097519 0.180128351 -2.708247662
C 0.885160744 0.383066416 -0.252616137
C 1.853682756 1.280496359 0.240701422
H -0.562884569 -1.455885053 -2.094894886
H -2.199297905 -0.778697610 -0.421126962
H 3.407870293 2.767925739 0.986102939
