14

H -1.824860454 -0.454133928 -1.497665048
C -0.845870733 -0.300912410 -1.093387008
C 0.226640671 0.595980346 0.884338975
N -0.874134839 1.978158116 2.784306765
O 1.536997557 0.071602128 1.065145254
H 0.317817956 -1.532370329 1.708101749
C 0.479456186 -0.856510997 0.871807396
H 0.924212813 -0.045189478 -2.384591818
C -0.364732862 1.358276367 1.949565172
C 0.464589655 -0.106248967 -1.418467999
H 0.273843527 -2.308982134 -0.882574439
C -0.142100066 0.940080345 -0.554394186
H -0.356429756 1.939843893 -0.895767033
C 0.184570402 -1.279593229 -0.536417544
