18

N -0.293071508 0.126698941 -0.319106132
H -0.401414812 2.295433521 -0.310917169
H 0.001661281 -2.444301128 0.468603253
C 0.034482908 1.118108153 -2.138860703
O 1.841948867 -0.426113755 -1.218237877
H -1.863500714 1.496723652 -0.949930072
H 1.553883314 0.915151298 1.435965657
H -0.554151475 0.677369535 -2.944100380
C 1.173740506 -0.113551512 1.623858571
C -0.630724132 -1.840726852 1.120570183
C -0.780586421 1.414741516 -0.857775152
O 1.804847717 -0.915195107 2.267601728
H -1.665089846 -1.947412610 0.785999835
H 0.667685866 1.907798886 -2.544522047
C -0.211635098 -0.374626547 1.046714306
H -0.534677923 -2.210635662 2.138202429
C 0.758733332 0.088062897 -1.255377889
H -0.902131736 0.232474968 1.651311994
