17

C -0.368651748 1.321035981 0.693330050
H -1.554849029 2.855591536 0.156660497
H -1.295836806 -1.629076600 -2.122194767
C 0.263150007 -0.532181621 -0.146893263
H 0.065247476 -2.553034306 -2.797260761
H 0.024418872 -0.789642692 -2.947007656
H -0.166546121 0.482183516 2.695913076
C -0.212503999 -1.632499814 -2.288209438
C 0.430659801 0.662566841 1.786955833
N 0.756501257 -0.605027258 1.116229653
N -0.473971307 0.569741905 -0.380003989
H 1.611314058 -1.088669181 1.314354658
N -0.882670105 2.565338373 0.825089216
H -0.935492098 2.967454910 1.733372331
H 1.301493287 1.264599204 2.068534136
N 0.521417618 -1.506871700 -1.042562485
H 0.916319013 -2.351509333 -0.666307092
