15

C -1.397075057 0.921103418 0.397458732
C 0.702969551 -0.251799256 -0.330789357
O 1.557696700 -0.521688163 -1.159543633
H 0.113002189 -0.398873240 1.664006352
H 2.290896893 -1.826020241 0.539005995
O -1.686786294 1.350007415 -2.344844341
H 1.820938945 -1.859581828 2.233285427
N 1.819563031 -1.464256048 1.324525237
H 0.085788630 0.371570468 -2.616771936
C -0.701660812 0.743362308 -1.959283710
N -0.450550646 0.463537157 -0.622977257
H -2.159659147 1.489193678 -0.132949814
H -1.878249526 0.084919393 0.898341894
H -0.915046513 1.571855307 1.128091693
N 0.798171997 -0.673330367 0.982444823
