17

H 2.385008812 -0.301927686 1.242499113
C -2.017698288 0.155022815 -0.418090612
O 1.628268003 -1.596187472 -0.290563434
H -0.014138857 -0.481744379 -2.275437593
C 0.364113182 0.163690329 -1.469232559
C -0.256775886 0.293920726 2.235030651
C 1.581338048 -0.421822518 0.536638856
H -2.340169668 1.028922796 -0.987340391
O 0.465653807 0.334746987 3.182879210
H 0.441502810 1.176714778 -1.888487816
H -2.545153618 0.169757009 0.532719553
C 1.700129271 -0.321642280 -0.924143732
C 0.196805090 0.006091683 0.867478132
H -1.337788939 0.486262500 2.329620123
C -0.536659062 0.135348007 -0.262583911
H -2.344296694 -0.730121017 -0.975854278
H 2.629862070 -0.097032502 -1.435131073
