19

C -2.213276386 -0.476995319 0.869092822
C -0.313783139 0.758287609 1.307686925
H -1.972593188 -1.044266343 1.792970538
H 2.992469788 -0.109895416 -1.650918841
H -3.288588762 -0.395832062 0.757487953
C 1.517550111 0.468726516 -0.513495743
H 0.069781862 1.782100797 1.159888268
C 0.529708326 -0.232549936 0.451124489
H 1.905025482 1.401961327 -0.080445364
O 2.585873604 -0.418151408 -0.830041647
N -0.353606910 -0.133582115 -1.804867744
O -1.726308107 -1.135847092 -0.254895061
H 0.845566094 1.394952893 -2.496482849
H 1.065140367 -0.920291126 1.089143991
H 0.018149721 -1.955913424 -0.811160088
C -0.385108352 -0.959043920 -0.589713693
H -0.223240539 0.501271665 2.365181684
C 0.635608435 0.658971429 -1.716021419
O -1.688368678 0.816096306 0.955466270
