25

H -2.673934221 0.146077171 -1.657883167
H -2.552723885 1.919521689 -1.674106836
H 0.170317277 -3.422555923 -0.163979515
H -0.277462006 -2.954097986 1.455396414
C 0.838231444 -0.341970533 0.679340720
C -1.065020800 -1.603049874 -0.097663216
H -0.307132542 0.802345812 -1.524836898
H -1.198919535 0.074382856 1.281146526
H 0.136609867 2.140177250 0.528391659
H 1.704517007 1.076026201 1.984372020
O -0.605981946 2.238892794 -0.080581859
C 1.639010787 0.721279323 0.964786530
H -2.073832989 -1.875296235 0.217987299
H -3.057608128 1.080905080 -0.210397542
H -1.044406414 -1.659484029 -1.184508920
C -2.396445036 1.024812460 -1.073485970
C -0.934210539 0.965481639 -0.637273729
C 1.198914528 -1.659699559 0.604420006
H 2.143911600 1.342199445 -1.039301395
C 0.004393300 -2.551014662 0.474753290
H 2.224429131 -2.024427891 0.634795547
C -0.652721703 -0.189637840 0.360432118
H 2.711711884 2.449174881 0.215422213
C 2.545494080 1.397911668 -0.025303461
H 3.522859335 0.902045846 -0.031921603
