21

C 0.820970595 0.822759211 -0.595498323
H 0.167967141 2.067521572 1.184284568
C -1.364407539 0.854869246 -0.709797621
H 0.666746199 -2.237487316 2.402082205
C -0.363031209 -0.846695960 1.073255539
H 1.370250940 2.852454185 0.066301279
C -0.239102617 1.841635823 -1.038217187
H -2.045561314 1.166240811 0.093247399
N -0.259145200 -1.212184548 -1.424582243
H 1.780719161 0.583984256 -1.056617260
C -0.279569209 -0.224741668 -0.328053981
H -0.353101224 -0.044507891 1.817348361
H -0.219373152 2.513956785 -1.887621045
H 0.656341732 -1.619022965 -1.515475988
H -1.941190481 0.531901062 -1.584116697
C 0.604873538 2.101597786 0.190246746
H -1.329162836 -1.355145216 1.163684487
H 1.747251511 -1.343551397 1.325116158
H 0.769467175 -2.689130068 0.694428921
H -0.962523520 -1.924507856 -1.257461548
C 0.771580577 -1.839946270 1.387446046
