23

H 0.749384761 0.049226634 3.663293123
H -0.889663219 -1.102969408 -1.675573230
H 1.447479844 -1.380116224 2.897472382
H -0.079051189 -1.508957028 3.776694536
H -2.437393427 0.267727166 -0.659987092
H -1.955626130 1.994225144 -0.304231733
H 1.616173625 -1.470873117 -1.782861352
H -1.206367254 -0.078126922 2.075147629
C 0.507962704 -0.868744075 3.108908653
C 0.524240792 0.391625434 0.893822849
H 1.810577393 0.206139773 -2.347206831
H 0.990040183 -0.993588626 -3.372709513
H -1.092180133 1.543454170 -2.991786242
C -0.180198774 0.634017646 -0.412982643
H -0.488974720 -1.477551937 1.299366713
H 0.694393635 1.359604597 1.374683022
C 1.140115738 -0.653582633 -2.343747854
C -0.821095526 1.112157464 -2.023091316
C -0.248263329 -0.540772498 1.830325484
H 1.513596177 -0.025661539 0.672917426
C -1.655889034 1.029675722 -0.726156473
O 0.248422474 1.777399063 -1.244597912
C -0.187684283 -0.264309198 -1.707699299
