18

H -1.191213131 -0.257661521 1.504527688
C 2.716253996 0.665735662 0.436968833
H -3.131912470 -0.088706858 0.254732817
H 0.047703952 1.520794511 0.320871234
C -2.382652760 -0.642843783 -1.592774749
C -0.974414229 -0.375521690 0.445959806
C 0.259295017 0.479302138 0.090160362
N -2.483703136 -1.259572148 -2.553522587
H 1.342358232 0.204683527 1.953037977
H 0.456644565 0.413384706 -0.978514910
H 1.589350700 -1.070449471 0.783750832
O -0.722222567 -1.752460122 0.236948073
C 3.717134953 1.210055590 0.051027481
H 4.594818115 1.682292700 -0.297611505
C -2.236345530 0.091469496 -0.335733324
C 1.501816511 0.011495927 0.886829615
H -0.910559952 -1.988957524 -0.670183778
H -2.192352533 1.156958580 -0.536473751
