21

H -2.025543451 -0.144712195 0.849128723
C -1.048573494 1.315547228 -0.686525047
H -1.632716298 1.405066252 -1.598011851
H 0.197636232 0.640367448 2.734651566
H -1.744316459 -1.614809036 -1.422862291
H 0.566131234 -1.802035093 1.500071406
H 0.674670219 -2.662248611 -1.089952707
C 0.423523366 -1.694083571 -0.688513577
C -1.206647873 0.006636538 0.137553543
H -1.140766025 2.222357035 -0.091149472
C 0.416630596 0.807817459 -0.827815235
C 0.276387095 0.183340639 0.632683098
H 1.651155829 1.231969476 1.945379496
H 2.010481834 -1.164193511 0.708015621
C 0.572791994 1.089040399 1.813607812
H 0.411993951 -0.571543455 -2.679761648
C 0.260499597 -0.500830293 -1.614008427
C 0.921230435 -1.196320653 0.658310354
H 0.120808780 2.073190212 1.709895134
H 1.245480657 1.463310838 -1.070841789
C -0.950857937 -1.087866545 -0.919854581
