21

N 0.676442325 1.703600764 0.854329169
H -1.383444786 1.755808473 -1.219674468
H -1.614994168 -0.589970171 1.274417043
C -0.867473722 -2.184963465 -0.123122081
C 1.739508629 2.012066841 1.804058194
H -1.461025596 -2.853967905 -0.753574789
C 0.623691559 0.542886257 0.396078050
H 2.749921083 1.886118531 1.372062325
H -0.018395556 1.282707214 -2.216505766
H 1.695910692 1.371891856 2.693355799
O 1.563717842 -0.424749225 0.658462644
C 0.228011072 -1.400957108 -0.888187826
H 1.632262349 3.049593449 2.117027283
O 1.465198874 -1.458900094 -0.229427487
C -0.420421332 -0.041212529 -0.547751307
C -0.871308029 0.894460380 -1.645911574
H -0.482413679 -2.744122028 0.722275972
H 0.376946360 -1.667676330 -1.933779478
H -2.535196781 -0.695778728 -0.224444300
H -1.551008582 0.390894979 -2.330709457
C -1.545927644 -0.827731729 0.221022025
