22

H 2.139504671 -0.827355921 2.022911072
H 0.314928979 -1.976369977 0.760224581
C 0.460118711 -0.900070131 0.620061278
C 1.897166967 -0.524208724 0.991617322
H -0.657137096 -2.371212006 -1.595567226
H -1.278617024 -0.954726636 -2.442973137
H 2.053649664 0.557076097 0.931597769
H 0.709557474 2.666723251 -0.992170930
H -0.441551507 2.168383598 1.182999015
C -0.663312078 1.225831509 0.691522300
H -0.220329061 0.056393642 2.481254101
O 0.546772480 1.852435231 -1.466743588
C -0.993862391 -1.338548422 -1.469493508
N -1.629242659 1.252048016 -0.432280272
C -0.555220008 -0.088387460 1.456802845
H -1.802079201 2.222963333 -0.693392634
H -1.525133133 -0.580744445 1.502038479
C 0.114954360 -0.507419169 -0.851801336
H -1.897060871 -1.345302820 -0.855076730
H 2.621439934 -0.998284042 0.332730204
C -0.214722499 0.974383175 -0.698686719
H 1.020174503 -0.563607872 -1.475572348
