15

C -1.511757612 1.092939377 -1.379845262
N -2.386859655 1.528587461 -1.983924866
C 0.627725422 -1.392695546 0.219492003
C -0.640959799 0.531664193 0.923484981
H 1.720063329 0.965369701 -0.254296809
C 0.004395175 -0.684597492 1.406997681
H 0.210422337 -2.382369280 0.082475297
C -0.438828111 0.601403356 -0.567036390
H 1.713606000 -1.496037960 0.364704102
H 0.397993535 -0.807238698 2.404669285
H -0.799511313 1.432366967 1.496500969
O -1.411127567 -0.605118513 1.288699627
C 0.980431557 0.722193182 -1.010177374
H 1.189386725 1.082173109 -2.002840519
N 0.345020264 -0.588639736 -0.988902152
