23

H -0.017005026 1.742904663 2.714028358
C -2.224718571 -0.634539366 -1.914058805
H -2.149952650 0.121254459 -2.694417000
C 1.158984184 1.107716322 0.976378322
H -0.887001038 0.493882060 1.724949956
C 1.320101380 0.104752786 2.118870020
H -1.617488146 0.679465830 -0.309381694
O 0.361502975 0.874588490 -2.109314203
H 0.500175297 -1.775016427 1.215487599
H 2.193631411 0.010124521 -0.567244649
H 0.414466351 -1.100257635 -1.719306827
H 1.960948348 0.175308168 2.985391378
C -1.302714944 -0.283103019 -0.736911774
H -1.952541113 -1.593005061 -2.352614880
C 1.326266646 -1.055043936 1.116552830
C 0.166854098 -0.186651975 -1.165151954
C 1.227072120 -0.034066539 -0.055990782
H 0.228294477 1.703874111 -1.630642176
C 0.069180273 0.929495811 1.999457359
H -3.272614956 -0.697507381 -1.599200130
H 2.261188030 -1.617439628 1.099751234
H 1.648962140 2.066109180 0.860858500
H -1.413591743 -1.032845736 0.042509723
