18

H -1.754436970 0.313045800 -0.545215368
H -2.606256962 -2.037795305 -0.062599063
H -2.200493574 -1.821281433 1.643068194
C -2.507015705 -1.295183420 0.739862621
C 0.977643311 1.279321432 -1.020881295
C 1.014343500 0.171786249 -0.144099042
H -3.501875162 -0.857214570 0.915286541
H 0.162178352 1.948667765 -1.182143450
C -1.520212293 -0.226267099 0.361788243
H -1.177743793 0.293871820 2.327693462
H 0.215055674 -1.239433527 1.264817834
C -0.076996900 -0.350100100 0.712363660
N 2.216432095 -0.409938872 -0.154336914
H 2.647046089 1.954093933 -2.351163387
H 3.884278774 0.046393797 -1.225644946
C 2.229535341 1.304622054 -1.619797587
N -0.930212438 0.641841710 1.400875926
N 2.928730488 0.283569932 -1.059875607
