21

C 0.079481438 0.164254442 0.276038915
C -0.125488907 1.674777627 0.222740293
O -1.109310031 2.230414391 0.644182444
O -3.352931023 -1.237973332 -0.642592013
H -2.496322393 -0.348360479 1.046468139
H 1.524576068 -1.300510406 -0.374034762
H 0.694547594 2.251061678 -0.250710070
C -0.997176826 -0.603529572 -0.509708643
H 2.575116396 1.124392390 1.184922695
H 1.302994013 0.410612673 -1.993830800
H -3.159889460 -2.119780302 -0.336571842
H -0.022697775 -0.136307269 1.328545094
C 1.527666092 -0.223688930 -0.160574153
H 2.360053539 -0.520897746 1.826082587
C 2.568427086 0.061481483 0.914678991
C -2.434665680 -0.328559101 -0.047813829
H -0.929012299 -0.377053261 -1.578047872
O 1.966900468 0.484802932 -1.310325980
H -2.752650738 0.673710227 -0.355509728
H -0.780375242 -1.678901434 -0.428715706
H 3.560758352 -0.199946254 0.544776320
