15

H -1.995860577 -3.423197031 -1.357395291
C 0.118589029 -0.676099360 -0.115500636
C 1.271172404 0.506565630 0.655404210
N -0.935303807 2.607985735 -0.543326437
H -0.874166071 0.409415603 1.781769991
H 1.982659936 1.175202727 1.136404872
H 1.257665873 0.662026525 -1.713610291
H -1.638140559 2.897666931 0.132959679
N 1.479457855 -0.942687988 0.470379680
C -0.700888932 -1.718336940 -0.609645247
C -1.386291981 -2.628719330 -0.995819986
C -0.405449450 1.512244821 -0.237968028
C -0.272415459 0.490545511 0.877562463
C 0.676245570 0.628600240 -0.795818746
H 1.422726154 -1.501212955 1.314604163
