19

O 1.277822137 -1.831263304 0.530439973
H 1.478266478 -2.111028433 2.503751993
N 0.908232212 -0.998070121 -0.499013662
C 1.539766550 0.030237645 2.053876162
C 0.523075104 0.257319927 -0.153948799
C 0.991766870 -1.382010341 1.844509840
O -1.623078942 0.056025747 -1.130570292
H -1.575419903 -0.241818994 -3.186852932
H -0.082978718 -1.410349846 2.017475128
H -2.666951656 1.045477509 -2.626545429
C -2.252600193 0.050926138 -2.377229691
H -0.080360517 1.138922334 -2.032549858
H 1.260339379 0.410974324 3.048877239
C 1.005734205 0.874821961 0.960866809
H 1.054632068 1.963105559 1.021380186
H 2.634351969 -0.000270348 2.015768528
H -0.801828027 1.887351274 -0.605179369
H -3.079498053 -0.666975915 -2.336683035
C -0.511270463 0.926625133 -1.048373222
