16

H -0.068182737 0.498682886 2.780904770
H 1.541900754 -3.069424629 -0.619510770
C -0.235107571 0.631951153 0.881689668
C 0.869706511 -2.295286655 -1.006048799
H -0.158975005 -0.149563164 -2.403568268
H 1.121436954 -1.391035795 0.812587440
C -0.015638754 0.606891036 -1.629668474
C 0.142198622 -0.037692048 -0.308797926
H 0.863972425 1.217323780 -1.873538494
H -2.093039751 2.628806114 2.061576128
N -1.122774839 1.570789337 0.904168487
O 0.431594878 0.211459741 2.006330729
O 0.289539456 -2.385630608 -2.067201376
N 0.771050334 -1.237484813 -0.130429730
H -0.887103379 1.276166916 -1.606618285
O -1.450577974 1.924046993 2.198125362
