20

C 0.538020611 1.105289459 -0.268588394
H 0.582281053 -2.294183016 -1.307486534
H -0.289966047 -0.544988453 2.556661844
C -0.989627779 1.042215705 -0.285497546
C -0.100932553 -0.261851579 1.535406351
C 1.151972651 -0.323802710 -0.556455135
H -2.211964846 -0.403765231 0.885815263
C -1.203068256 -0.284316957 0.477243662
C 0.163289860 -1.280998707 -1.217040420
O -1.602183342 1.042839050 -1.555588841
H 2.115336418 -0.295841128 -1.085615039
H 1.226274371 1.593980789 1.969694734
C 1.273147345 -0.541761696 0.953653693
H -2.031765461 0.188944936 -1.660834551
O -1.042727709 -1.392680287 -0.433413893
H -1.360958576 1.909060597 0.290049732
H 1.006137609 1.952604890 -0.786812842
H -0.090484649 -0.933544874 -2.228002787
H 2.004593372 -1.156268597 1.478842020
C 0.862626374 0.879068255 1.237969041
