14

C -0.783807397 -0.429489344 -0.883774996
H -1.683876753 1.550409079 -1.245875597
O 1.535811663 -1.053712368 1.943153620
N 1.854229093 0.167216361 1.310667753
O 0.224841461 0.134347141 -1.797490001
C 0.078659691 -0.844555080 0.292487502
C 0.425400108 1.148606181 -0.741347849
C 0.435854733 -1.613530874 1.337824225
H 0.944345295 2.040746450 -1.062745690
H 0.069825381 -2.537090540 1.781061053
H -1.489277482 1.248466969 0.530473650
C -1.107986093 1.038589954 -0.477518857
C 0.976075351 0.269726217 0.361303419
H -1.480095267 -1.119730234 -1.348218203
