18

C -1.102145672 -0.589696705 0.551316917
H 1.456279397 0.951789260 -1.048619032
H 0.163882285 2.262521744 0.745701432
C 0.207691446 1.257830024 1.187981009
N -0.027040731 0.215419397 0.201774135
H 1.198745608 1.163999438 1.651125431
O -1.496146202 -1.589155793 -0.030261682
C 0.294794530 -0.519554675 -2.242905855
C -0.895521104 1.036674142 2.184851646
H 0.589803934 -0.043535471 -3.167949200
H -2.513789892 -0.402718574 2.297348738
C -1.651073456 0.005847107 1.802755356
H 2.358337164 -1.259287477 -1.760725260
H -0.706222773 -0.934660554 -2.224477768
H -1.012903810 1.641869068 3.068886518
C 0.783426821 0.107307710 -0.959594846
C 1.339930773 -1.227313161 -1.415345430
H 1.011951327 -2.077335835 -0.841862619
