16

H 1.076032400 -1.664787292 -2.099334240
O -1.485538125 0.180679634 0.817748427
H -1.557912350 1.312910199 -0.877785861
C -0.908662915 1.185712337 -0.010126771
H 1.208089709 1.629966497 -0.376434952
H 2.032577038 -0.728770137 0.006366683
C 0.945664585 -0.624995828 -0.079724871
O 0.473911017 0.349987447 -1.875039458
C 0.498308659 0.807529569 -0.516296446
H -0.593717515 -1.422827482 -1.459799767
H 0.024902275 0.427994311 2.230719805
C -0.544771075 -0.361521333 1.706487656
C 0.436103910 -1.030907750 -1.478135347
O 0.346188217 -1.215901256 1.042601347
H -0.854603291 2.122766018 0.540047109
H -1.096572518 -0.967834830 2.428707123
