25

H -0.785385370 -1.657465219 0.091473080
H 0.217248082 1.635838985 -1.366549253
H 1.091647863 0.091688015 3.305199623
H 1.876934171 -0.314520329 1.792419195
C 0.205174968 0.600549400 -1.030288815
H 2.206869602 0.746923029 -0.168932140
C 0.906430662 -0.198903874 2.261593342
H -0.780294955 1.121007323 2.282804012
H 0.418504179 -1.179923177 2.289260626
H 1.736282706 -0.904859006 -0.556817472
H -3.173476934 -1.850476980 -0.606723070
C 1.661474824 0.131016240 -0.900476277
H 0.604671240 1.770479441 1.427557111
C -0.687626421 0.507690251 0.235982046
H -2.314370394 -0.788124800 -1.729677439
C 0.013356986 0.846546769 1.572435975
O 3.384087086 -0.419989735 -2.488972187
H -1.440524817 1.308058262 0.107977137
H -0.280002713 0.033086516 -1.834126115
C 2.423546076 0.247281596 -2.193073034
H -3.367813826 -0.088574477 -0.501938045
C -1.471274734 -0.824819803 0.290142536
C -2.639071703 -0.886311769 -0.697866976
H -1.862381577 -0.964678228 1.309961200
H 2.055995226 1.038481236 -2.891365528
