21

C 0.143201873 -0.810580432 1.878813386
H 1.963306427 -1.922474265 -0.884186745
H 0.908758521 0.960904121 -0.031591263
H -1.217725158 2.008253336 1.345639706
O -1.210696578 0.846867979 -1.841152549
C 0.431902975 -1.086035132 0.411726624
C 0.066109993 0.164022088 -1.902412295
C 0.203162938 0.195833221 -0.362024009
H 0.799989700 0.739073455 -2.483006716
H -0.780977488 -1.272150636 2.270861864
H 2.591734886 -0.935247064 0.438833386
H 2.003312111 -2.561674833 0.764000773
C -1.494475126 2.074344158 0.304080397
H -0.318707377 -1.822700858 0.091219172
C -1.243639350 0.761495173 -0.403368503
O 0.781343400 -0.071976237 2.583432436
H -2.549984694 2.360147476 0.232641235
C 1.831535697 -1.668828607 0.167626485
H -1.998524189 0.006650720 -0.090770312
H -0.895705521 2.869619846 -0.151174709
H -0.013923259 -0.835543275 -2.339187860
