19

H -0.266256273 -2.188905478 2.377365112
H 0.301555693 -0.105042413 -2.144316435
C 1.185874701 -1.771568894 0.710358918
C -0.225875050 0.859123468 0.972248375
H -0.267276466 1.937379599 1.031641364
H 0.675117850 2.326118231 -1.548938274
H -0.832650125 -2.111356974 -0.235633314
H -1.426316738 0.109193444 -1.945144176
H 2.007835150 -1.072931290 0.551969469
C -0.305059642 1.953125000 -1.863624692
H -0.428049833 2.152523756 -2.933543921
C -0.454851240 0.461938977 -1.571373582
C -0.323220193 0.078070305 -0.142126366
C -0.192793980 -1.373579860 0.243325844
C 0.088376336 -1.409156799 1.707233906
O 0.084786929 0.404423118 3.311108351
H 1.454116821 -2.815226793 0.647671878
C -0.010021070 0.028998191 2.165917873
H -1.065292716 2.536873817 -1.334140062
