13

H -0.758588195 -1.120714784 -1.479946017
C -0.357653171 -1.158732295 -0.467237532
N 1.033674002 0.909743667 -0.125018567
H -0.409543246 -2.180575371 -0.082223050
C 1.048002601 -0.583502233 -0.202985644
H -1.700705290 -0.405918866 1.237411380
C 0.560225248 0.117263548 1.019476175
C -0.104721650 1.640001297 -0.606390357
O -1.264744163 1.065571666 -0.121647939
C -0.906937540 -0.133706063 0.545649350
H 0.963944137 0.277978480 2.003308773
O -0.103683427 2.605996609 -1.297985435
H 2.000730753 -1.033405781 -0.422411054
