16

O 1.733727813 -0.709515274 1.174212933
H -1.148801923 0.217645705 1.776055813
O -1.022911429 -0.535615504 -1.232000470
H -1.733782053 1.469186187 -0.896429896
H 1.275020599 -0.543744683 2.015408278
H -2.487161875 -0.476221144 0.778983176
H -0.533612132 -2.182106733 0.084129274
C -1.447725177 -0.143390581 0.777709544
C 0.418998569 1.030332327 -0.250644416
H 2.435266018 0.584345400 -1.032320023
H 0.731583595 1.928177238 0.274029285
C 1.398702860 0.245221257 -1.099405169
C 0.872470438 -0.374357283 0.150555193
C -0.506948709 -1.094500542 0.018363908
H 1.096692801 -0.125660837 -2.076584816
C -1.081519723 0.710204542 -0.462062448
