16

H 0.974985003 -1.175666809 -2.697947264
H -1.058552504 -1.514294386 -0.890898287
N 1.510941982 -0.722108066 -1.972570419
C 1.137756586 0.841772974 -0.076000497
O -2.784885406 -1.208372831 1.321957231
H 2.086599827 -0.007767516 -2.386376143
H -2.363918066 -1.933162212 0.837016463
C 0.728601396 -0.245036259 -0.917000949
O 2.276780605 1.527332902 -0.379874527
C -1.928206563 -0.203151450 1.536832690
C -0.475822270 -0.734073400 -0.428759307
H -2.194636345 0.430375785 2.360664606
C 0.219227016 1.011528969 0.924872458
H 2.456312180 2.172566652 0.307318211
C -0.822306335 0.013739957 0.744405746
H 0.237122402 1.746315956 1.716360211
