20

H 1.636640787 1.705108285 -1.888779759
C 0.859611332 1.251282692 0.193449706
H -2.137606382 1.379758000 1.750676513
H -1.197592020 -2.420138597 0.313594699
H -1.764973998 -1.130879641 -0.780334115
C 0.363610983 -1.079293370 -0.363553733
N -0.603310227 1.104377866 0.380104005
H 0.830012739 -0.678882539 -2.560498476
H -0.877523065 -2.522640944 -1.429363132
C 0.813867509 -0.263934493 -1.565965056
H -0.546263278 1.853541732 2.387413263
C -0.957057357 -1.836302280 -0.580707252
H 0.383246511 -0.321354538 1.764820218
O 1.386717081 -1.993353963 0.041268092
C 0.278981537 -0.020477295 0.727829516
C 1.193275213 0.979316592 -1.227709055
H 1.475725174 -2.654504776 -0.652416766
H -1.365874767 2.871752739 1.177139282
C -1.183857083 1.838806748 1.493068576
H 1.412369013 1.937817693 0.819962919
