23

H 2.390955448 1.279006243 -2.332017660
H -2.119339943 1.155315161 0.879492342
H 0.077491432 0.992895007 2.091318130
H -0.292291641 -0.655772328 2.585241795
H 1.762916327 -0.776146948 -1.699370980
H 2.314876080 -1.281748176 0.668224573
H -2.363529205 0.751205742 2.578690290
C -0.845319748 -0.012550131 -1.888239145
O -0.110413738 -1.832426548 0.314929485
H -1.062524557 -1.907705426 0.211035639
C 1.647835255 0.078107692 -1.022540927
C -0.443610936 0.079734489 1.785975814
H -2.509006500 -0.499353617 1.348566771
H -1.884411454 0.153402910 -1.588635564
H 0.036067393 1.436157942 -0.515774965
C 1.765526175 -0.367284119 0.453547001
H -0.676298797 0.579519629 -2.793905735
H 2.147461653 0.457119018 1.068441749
H -0.736389160 -1.069022894 -2.142754316
C 0.223271579 -0.475517660 0.531781912
O 2.480154276 1.152470589 -1.384715438
C 0.136595607 0.373353034 -0.791738391
C -1.940016150 0.389240324 1.642447948
