18

H 0.020846441 -2.033454895 1.951714039
H -0.475615293 0.903314173 -1.395468354
H 1.200644016 -2.037528753 0.041859072
C -0.372972667 -1.726991177 -1.272986174
H -1.297292471 -1.330924749 1.354998350
H -1.353531122 0.821517587 0.122139484
O 0.886839688 0.179221570 1.598801374
H 0.938027263 1.125529408 1.778582692
C 0.024214406 2.396559000 -0.012182386
C 0.385138571 3.511545420 0.267760336
H 1.599664092 0.181918249 -0.338301599
C 0.267229378 -1.466006160 0.028528795
C -0.890920937 -1.932449102 -2.337453842
H 0.676362038 4.505338192 0.477603823
H -1.343431711 -2.133674145 -3.283596992
C -0.360606998 1.032165170 -0.322532922
C 0.663578570 0.017060457 0.221470803
N -0.568173110 -2.013140917 1.119063616
