21

H -1.393864751 0.210974246 -2.533123732
C 0.725852072 -0.468884379 0.179240555
C -0.705648661 -0.398090422 -1.939549088
H 0.257381827 1.267455816 -0.988444746
H -1.465317011 1.933051825 0.263139397
C -1.505476594 0.843338370 0.153047353
H 0.153332293 -0.635425925 -2.575521231
H 2.566751480 0.495962024 -0.464684814
H -2.433932066 0.607699573 -0.377051860
C -0.279347420 0.360659182 -0.671090126
H -2.141358376 -0.546781659 1.645385623
H 1.708660126 0.195228815 2.093393326
N -1.593004704 0.290581226 1.515392542
H 2.795970678 -1.165013552 0.105255574
H -0.430726498 0.771521032 3.209732294
H 2.082837582 -0.865024984 -1.489664435
C -0.387306213 0.372936428 2.200807571
H -1.204825997 -1.334922314 -1.682902098
C 2.125697851 -0.503937602 -0.454528362
H 0.359134048 -1.505743504 0.228912190
C 0.765190482 0.074415676 1.582254171
