20

C -0.051604182 -0.316118985 0.591614366
H 0.767304540 -0.341285944 -1.395394087
C 1.444298387 -1.896481514 2.032525301
C -1.848540425 1.909598589 -1.253208160
O -1.034155488 1.727261305 -2.417287588
O 0.966509581 1.519725800 -0.538871765
H -0.559357524 0.402228326 1.254107952
O -0.933709443 -1.417716861 0.494863987
C -1.115349650 0.660316944 -1.468022108
H 2.017065763 0.101678774 1.277610779
H 0.675882459 2.192447901 -1.166151285
C 1.286223292 -0.712542117 1.193238497
H -2.924608231 1.944393039 -1.429285884
C 0.189046457 0.364107281 -0.767298222
O 1.812796593 -1.930324316 0.645343244
H -0.388359815 -2.166179895 0.231276840
H -1.475109696 2.613696575 -0.533203363
H -1.677864194 -0.213946924 -1.788803816
H 2.288336992 -1.972628593 2.720841646
H 0.561194658 -2.468229771 2.316102982
