23

N 0.602353275 0.220314711 0.050723188
C -1.507009387 -0.759937346 0.955623806
H -0.371993273 -1.461092830 -0.738254488
C 0.569997847 1.186091661 -1.060501695
H 2.386486530 0.377135187 1.255268455
O 2.855886459 -0.522221446 -0.474277258
C -0.177664801 -0.978938818 0.230654478
H 1.669539571 2.575150013 0.206613481
H 0.727621794 0.712763786 -2.047100782
H 0.440557718 -1.673273563 0.811294794
C -0.667266786 2.009862185 -1.161777377
H 2.336971760 -0.891484916 -1.203124762
H -2.533466816 -2.519204378 0.185157195
C 2.040155888 0.387876958 0.219801381
H -2.112758636 -0.048203606 0.387978494
C -2.283578157 -2.060382843 1.152544498
H -1.539480090 1.454553485 -1.591328025
H -1.697163105 -2.790742636 1.728252649
H 2.658813953 2.039957523 -1.200777650
H -3.219247341 -1.876772523 1.688738942
O -0.767851353 3.153941870 -0.827388763
H -1.289207935 -0.292626977 1.924245238
C 1.878303885 1.757234573 -0.492365837
