19

H 2.533200741 1.235705853 -0.368019134
C -1.688635826 -0.539752901 -0.693527937
C 0.688625693 1.532297492 0.856331170
O -1.392797470 -1.959162474 -0.865242958
H 2.808340549 1.152488828 1.430940390
H -1.954122901 0.522218585 1.215088725
C 2.102725267 1.089325428 0.609424233
H -0.165460065 0.393565536 -2.266381979
C 1.007250071 0.067456916 0.715966523
H 0.938175380 -0.543028176 1.577758908
H 0.409569204 1.896477938 1.829745054
H 0.201263830 2.035176992 0.030933477
H -1.948318243 -1.269777179 1.264257908
N 0.755855620 -0.671761215 -0.516367614
C -0.026488891 -1.665965438 -1.181827903
C -0.322268784 -0.230744004 -1.390187621
H 0.501484931 -2.456378460 -1.694594741
H -2.557876110 -0.200418666 -1.274116993
C -1.890522838 -0.387724847 0.719820380
