17

N 0.270195007 -0.158751801 2.594329119
H -2.274639845 0.553328514 -0.323544413
C 2.160505056 -1.022338510 0.036157019
N 3.239793062 -1.409294128 -0.152356684
H -0.039760277 1.479891896 0.637556136
C -0.334977180 0.349365115 -1.261691451
C 0.313250005 -0.969766319 1.627708793
H -2.323383570 0.006340571 -2.016618729
H 0.118868083 0.477724493 -2.250163078
H -1.965823889 1.705756068 -1.649002910
O -0.092050083 -1.006166339 -0.777894437
C -1.806436896 0.669694185 -1.316009641
H 0.017474953 -2.010725737 1.673886180
H 1.401277900 1.513540864 -0.424123466
C 0.789945543 -0.524280727 0.261172265
C 0.524790227 0.948937774 -0.128822789
H 0.000972243 -0.603255868 3.469418287
