22

H 2.531535625 -0.358009517 -0.111571677
C 0.101698741 0.153979525 -0.158612102
C -2.142276525 -0.580500126 -1.195983291
H 0.491114527 2.295181513 2.019967318
C 0.216209263 -0.508877218 1.901006222
H 0.683213055 -0.264219671 -2.222567081
C 0.554490805 -1.189659834 0.563019037
C 0.906565487 0.634206712 1.121524215
O -0.150921360 -0.757987797 2.999852896
H 0.174031571 1.388582706 -1.939372897
H -1.850559473 0.169715703 0.791710138
C 0.721767068 0.550519884 -1.497660875
C 1.949385285 -0.510911584 0.789897621
C -1.422899127 0.337307006 -0.204216942
H -1.996797919 -1.638087869 -0.955739260
H -3.222992182 -0.398831576 -1.185940862
H -1.794830203 -0.419259906 -2.223958969
H 0.352682889 -2.217316628 0.252417982
O 1.210330129 1.920142412 1.502789855
H 2.559197187 -0.872590065 1.614229083
H 1.764812589 0.880104721 -1.415620208
H -1.635758042 1.386511803 -0.445170313
