19

H -4.024924755 -1.097256899 1.449102998
C -0.423330426 1.605933666 0.960610032
H 0.471452892 2.213364601 1.007784605
H 3.005949020 0.287545055 -0.371867180
C -0.183304220 0.277677625 0.289800882
H 1.920847654 -1.463786960 -1.730840921
H -1.106629968 -1.693362713 0.139789894
H 2.053174019 1.731871724 -0.035866104
H 2.197655916 1.124759197 -1.687116981
C 2.088745832 0.822907567 -0.643727183
H 0.192768306 -1.369279146 -2.054298639
C -1.250985622 -0.681083381 0.503950596
N -2.337724924 -0.341756850 1.109512448
H -1.185139298 2.165869951 0.423896581
O -3.229779959 -1.417161226 1.038439751
C 0.940597415 -1.343333364 -1.265390038
H 0.782636464 -2.225397110 -0.629721701
H -0.802061856 1.462761879 1.973794460
C 0.890053749 -0.060273629 -0.477853596
