18

H 1.055878162 -2.152472019 1.511217833
C 0.547676802 0.394836217 1.991162062
H 1.819364786 0.309275001 0.249372423
H -1.808497906 -1.262081861 -1.143492341
C -0.537203252 1.313430548 -1.052723527
C -1.301630259 1.453204751 -2.286979675
C 0.877913654 -0.137898713 0.585974097
C -0.887335598 -1.083463669 -0.617127478
H -1.562180996 2.510973215 -2.544479132
O -1.634590149 0.546839356 -3.026882887
H 0.368914247 1.476409435 1.983161211
H -0.170591101 2.251723528 -0.638458490
C 0.958101332 -1.686536789 0.532825351
H -0.356790543 -0.094152056 2.376946211
O -0.277381837 -2.138698339 -0.071958117
H 1.366174817 0.199728757 2.681140900
H 1.783396959 -2.030457735 -0.103248462
C -0.241219580 0.129340023 -0.426449955
