15

C -0.101054341 -0.174625680 -0.707969606
H -2.264010429 1.404920697 1.088656783
C -0.516775906 0.219645679 0.679384530
H -2.307792902 -0.210902646 1.789247394
O 2.731998920 0.484317601 0.536640346
C -1.994680405 0.353567600 0.897409976
H 1.351688743 -0.868696094 -1.916618347
N 1.242501736 -0.477794141 -0.984528482
H -2.569404125 0.008907035 0.042015739
H -0.060134515 0.683579206 2.459648848
H 3.248589993 -0.821542084 -0.920699954
C 2.469418287 -0.234058902 -0.386543393
N 0.360769510 0.407225013 1.579873800
H -0.606102347 -0.527315855 -2.525073290
N -0.985011876 -0.247227311 -1.631443977
