19

H -1.996359706 -1.425028563 0.641639113
H -1.904538393 -0.064607054 -1.305004597
C 0.888795614 1.156996965 0.014912957
H 1.885296464 -0.700271249 -0.576475084
H 0.203575984 1.281168222 2.132333994
C -0.621163189 1.135936975 0.051528733
C 0.163950413 0.648645759 1.247783780
C -0.982379973 -1.280823708 0.275898367
N 0.146366030 -0.325592637 -1.716573954
H -0.015780093 0.295866847 -2.512393475
H 1.418401480 2.107739449 0.125835791
H -0.670625448 -2.212680101 -0.197282314
C 1.364022970 0.147888467 -1.033884406
C -0.064019606 -0.841334164 1.444215298
H 2.056380033 0.604519486 -1.738677621
H -1.247306228 2.018621683 0.054374073
H -0.536653161 -1.040876150 2.412452459
C -0.962266326 -0.112970062 -0.755388677
H 0.874303162 -1.393200755 1.434705853
