13

C -0.529755712 -1.270427346 -1.765535712
C -0.036379378 1.599747300 0.675619304
C 0.508397341 -1.202134848 0.549408376
H -0.987254143 -0.635683715 -2.559003115
O -0.390939415 -2.458940983 -1.941111207
H 0.812259316 1.380638719 2.662814856
C -0.127253726 -0.486310124 -0.563285649
C 0.520011485 0.921807945 1.711359978
O 0.789485276 -0.389794439 1.694122314
H -0.219388828 2.654356718 0.751916289
C -0.356141001 0.855483711 -0.492071986
H -0.794251740 1.374949455 -1.355002999
O 0.811210454 -2.343692064 0.630769491
