17

H -0.185037717 -0.163485065 1.904490471
H -1.314476609 -1.573106170 -2.342848778
H 0.350425243 2.246189117 1.535131216
C -0.777963459 1.569032311 -0.156051517
O 0.708556294 -2.222475052 0.665562451
H 1.313777685 1.843607068 0.124234028
N -0.580903411 -1.743636966 -1.671324849
C 0.652246892 0.103449710 1.254770994
H -1.352614522 2.488006353 -0.213474691
H -2.001900434 0.572462738 -1.563942432
C -1.147923708 0.508784652 -0.895209730
H 1.671889901 -0.757662535 -0.433728218
C 0.446970642 1.526552677 0.716968417
C -0.403621256 -0.741984606 -0.885593772
H 1.563692570 0.046663985 1.860055447
C 0.725262880 -0.924872696 0.125081778
H 0.331618607 -2.777525425 -0.024120603
