17

C -0.755985916 -0.006702943 -1.148957014
C 0.110538952 0.951093554 1.206957817
N -1.811604977 -0.184831977 -0.098395795
H -0.985986710 -0.421116263 -2.136254787
H 1.625511050 -2.146767378 -1.110261559
C 0.295978040 -0.668105900 -0.187201113
C 0.776550472 -2.018466949 -0.424806982
C 1.225234032 0.493876547 0.272802114
C 0.372922719 1.633019567 -0.147724867
C -0.741913676 -0.307120085 0.911998868
O 0.320823371 -2.969025135 0.068114921
H -2.340588093 0.685201228 -0.104407057
H -0.955092549 -0.964662611 1.753299117
O -0.419238985 1.342051983 -1.263883471
H 0.757620811 2.650589705 -0.121060215
H 0.220024392 1.468279839 2.157909155
H 2.305206537 0.462687284 0.371871054
