17

C 1.931788802 -0.480137080 -2.188816309
H 1.388849020 -1.196581721 -2.811879873
H -2.861378431 0.758190453 3.827380180
N -0.802605391 0.576298416 2.715834141
C -2.008898735 0.476495683 2.187994480
C 1.321124077 -0.396837056 -0.787912369
H -0.767078280 -0.715472221 -1.353646278
N -2.050647020 0.221660957 0.833722830
C -0.790997863 0.196131766 0.532234967
H 1.420663714 -1.362444878 -0.279136449
O -3.118429661 0.573921084 2.915877104
C -0.155879140 0.015814610 -0.815509319
H 2.969987392 -0.800335169 -2.153137684
H 1.900570154 0.487311572 -2.692957163
O 0.018872734 0.359258384 1.604997039
H 1.879816890 0.323017240 -0.180764198
H -0.275758207 0.963707745 -1.354280472
