17

H 1.573338628 -1.325345755 2.290787935
H -0.066589952 2.643050671 -2.141709566
C 0.188917965 -1.082422853 0.650495768
H -1.552568913 2.229406357 -1.265461683
C -0.537059605 1.909866810 -1.490940452
H -0.140572205 -3.165746927 -0.145425260
H 0.030354930 -2.149034500 2.518246412
C 0.065451056 0.123420082 -0.118846141
C -0.115221903 -2.095000982 -0.228496179
H 1.290601969 1.929826379 -0.288527995
C 0.246631846 1.626692772 -0.175857335
C -0.348750859 -0.265111059 -1.330940247
H 0.134789959 -0.389129668 2.684749126
C 0.495757341 -1.247020006 2.105357885
H -0.172320664 2.183751106 0.666540325
O -0.471790403 -1.591898561 -1.472231388
O -0.620969176 0.664695978 -2.257741213
