20

C 0.014366542 -0.219935820 -1.189000010
H -1.589575529 1.090490341 -2.026237726
H 0.225675046 -0.091865331 -3.323264122
O -0.910740674 1.003054500 1.205769897
H -0.875312567 -1.056320548 1.411681652
H 1.129441381 -1.482182264 0.164871693
O -2.806508780 1.670588493 0.244944692
H 1.338241696 0.711334109 2.602476835
H 1.610850573 0.561283469 -2.425473690
H 1.143666506 -1.040840030 2.855057001
H -0.074536167 0.098016098 3.479242086
C -0.162230447 -0.223410591 1.344957590
H 1.619756222 0.214041606 0.169452906
C -1.252414465 0.543531895 -1.150717735
C 0.856539607 -0.234209672 -2.446867704
C -1.764832497 1.097375035 0.144040465
O -1.248589754 -0.893528402 -1.285738230
C 0.746365547 -0.455336690 0.127970785
C 0.612519860 -0.105148144 2.648345232
H 1.387317896 -1.186937928 -2.551511288
