14

C 0.408951312 0.512033939 1.842199802
N -0.918240547 0.621253252 1.985151291
H 0.120840311 -0.915873230 -2.438409090
H 1.324380517 0.362086892 -2.194768906
C 0.840520620 -0.509505808 -1.735646963
H -2.949125767 -0.186554521 -0.825037360
C 0.173418462 -0.116018906 -0.461144596
H 1.615108013 -1.256931305 -1.540908813
N 1.174028635 0.718787253 2.819242477
O -1.688662648 0.369391561 0.912655771
H 2.142301798 0.544813991 2.553989887
O -2.077188253 -0.282715321 -1.216360569
C -1.153140664 -0.035934478 -0.281437904
O 0.986808181 0.175166577 0.580474973
