16

C 0.611401677 0.622586489 -1.510136724
H 0.622283161 1.497116685 -2.145738363
C 0.358030051 -0.752043486 1.650465488
O 0.442398667 -0.447285473 -2.413028479
H 1.305457473 -0.503506601 -2.861263037
C -1.937399387 0.279053569 0.847298086
N 1.408949018 0.065428168 -0.398695916
C 0.363539040 1.054875731 -0.098804966
C -0.499653399 0.052109696 0.679670572
H 1.197634220 -0.311630040 2.173593283
O -2.771504641 -0.276645809 0.184019044
H 0.560532451 2.085267782 0.191243887
H -2.232322693 1.026466966 1.615352511
H -0.189951271 -1.479636669 2.222994566
C 0.458680719 -0.986782610 0.181510329
H 0.301924884 -1.925374508 -0.318480611
