18

C -2.072264671 -1.761289120 -0.148260266
C -1.220874071 1.306266785 0.719705999
C -0.372717232 0.219390571 0.161602274
C 1.898402691 1.475331306 0.004223901
C 0.970245540 0.324153394 -0.114856988
H -2.890094280 -1.119086027 0.254236251
H 2.413762093 1.691236138 -0.947719514
H -1.446942091 2.097570896 -0.019950282
H -0.724018395 1.804757118 1.565988660
O -2.301520109 -2.909244537 -0.484980762
C 0.380205274 -1.791893125 -0.629513323
C -0.762088954 -1.126131535 -0.205593482
H 2.684360743 1.313773513 0.751198232
H 0.508474350 -2.801669359 -0.962673545
H 2.364976645 -1.123822808 -0.769874573
N 1.401630044 -0.913910985 -0.539437115
H -2.191026688 0.936194181 1.077540636
H 1.359489560 2.378374100 0.288364023
