17

H -1.121912360 1.921103001 -1.617893815
C -1.050167799 0.940026283 -1.122413874
C 1.311319232 0.406103611 -0.437972307
C 0.428826302 -0.113883443 0.684190750
C 0.806290209 0.305913687 2.058237553
H 2.201142550 0.994275212 -0.220296189
O 0.981895328 -0.463950455 2.978757381
C -0.259899527 -1.450344801 0.587402523
N 0.052993875 1.050680637 -0.175865650
H -1.983127832 0.766561568 -0.549423993
O -0.865071237 -0.110831477 -2.065664053
H 1.388021588 -0.271370918 -1.282328963
H -1.286782384 -1.399546742 0.972288191
H -0.301422209 -1.819306374 -0.427499771
H 0.927027941 1.403688073 2.174264908
H 0.282376826 -2.150918007 1.212859511
H -1.511510372 -0.008199573 -2.768642187
