17

C 0.156706467 2.002856731 -0.268033862
C 0.899763286 -1.901952028 0.122531302
C 0.240069345 -0.559079707 0.208821818
H 1.135833859 -2.177671194 -0.913105428
H -1.112810969 1.179388762 -1.987342715
H 1.611443400 0.576858044 -1.278161764
H -0.582337976 0.794599295 1.884882808
H -0.051623110 2.314244747 0.750280499
H 1.833268881 -1.931753635 0.694272220
C -1.199554443 -0.168421328 -0.094010323
C -0.688475430 -0.132559538 1.319615483
C -0.698033273 0.996532857 -1.003911495
H 0.520593524 2.818161964 -0.898667157
H -2.018555880 -0.816171348 -0.384427100
H 0.236744493 -2.684255600 0.534832478
C 0.740026534 0.661816180 -0.628356874
H -1.023058534 -0.972593904 1.940780044
