23

C -1.203816414 -0.222433239 -1.008301497
C 0.039753370 0.442746818 1.765048981
H 0.193670124 -1.626624703 1.337974191
H -1.413794160 0.912686586 3.419156551
H -1.839770555 0.505302787 -1.537261724
H -1.768150330 1.544363856 1.019673705
H 0.584626973 1.367358565 1.909931660
N 1.901693940 0.307187468 -2.871907473
C 0.254584938 0.239011884 -1.101288199
C 0.825486302 -0.738898873 1.236660957
H 0.275053442 1.278717399 -0.778054953
H 2.203919649 -0.082637660 -0.296993315
O -1.736180425 -0.425574213 0.298147678
C 1.231747866 -0.572141588 -0.233666867
H -1.347422719 -0.838849723 2.945102215
H -1.330277681 -1.176356196 -1.503245473
C -1.154595733 0.189740330 2.659795284
C -1.363008142 0.555561066 1.228125453
H 1.711563468 -0.906314552 1.843909860
H -0.147774577 0.182494655 -3.243783474
H 2.026945353 0.385606140 -3.865078688
C 0.673152566 0.235838905 -2.537019014
H 1.382592320 -1.556785345 -0.686925828
