19

H 2.388361692 2.516217232 -0.644296944
N 1.639650583 1.855049729 -0.811251223
C 0.157455668 -1.005517840 0.859496653
H -1.240882158 1.822801232 0.338885248
O 1.552351117 1.424329281 1.394441366
C 1.114008784 1.220623016 0.272268742
H 0.964256823 -1.578636050 0.378095657
H -1.247503996 -0.673373580 -1.527951479
H -0.614638031 0.892072499 -1.999681354
H 0.477929890 -0.517112255 -1.917804718
C -0.380513310 -0.022638652 -1.442880034
C -1.078578353 -1.889707446 1.037478924
H 1.234372020 1.810223460 -1.723798752
C -0.089556038 0.272244185 0.043620620
H -0.846050739 -2.730206728 1.694499135
H -1.898267150 -1.322816253 1.498465657
O -1.227511287 0.916752994 0.625863969
H 0.539579332 -0.682362676 1.825492620
H -1.444465160 -2.307941675 0.099055588
