14

H 3.289623260 1.466693401 -0.586843669
N 3.464899778 1.380512357 0.389849842
C -0.787864983 -0.726758242 -0.046071466
C -3.089515924 -0.545945883 -1.057667375
H 4.370130062 1.635361075 0.747439563
H -3.960500956 -1.180484653 -1.239074230
C 2.554423094 0.821621954 1.244438410
C 0.308478177 -0.213926509 0.297650456
C 1.394465566 0.291364312 0.674053788
H -3.373799086 0.300443113 -0.423931777
C -2.000719547 -1.357416272 -0.364949614
H -2.725040674 -0.152791947 -2.004528999
O -2.205388784 -2.519323111 -0.078040391
O 2.760809898 0.800650418 2.447675705
