18

C 0.169531241 1.898173213 -0.688199043
H -1.117388725 0.041430343 1.436205745
C -0.961091936 -0.575234115 0.539439380
N 1.221397161 -2.157491446 -1.672988772
H 2.467160225 0.115027480 0.815353692
H -1.681760669 -2.279650688 -0.044119943
H 0.413186282 2.724006176 -1.359047771
N -0.848079264 1.092996716 -1.323778152
O -1.706131220 -1.745005965 0.771124303
H -2.445549726 -0.153303027 -1.008836985
C 0.572037041 -0.874990165 0.508661032
H 0.756015241 -1.532752991 1.356300712
C 0.948758900 -1.586891174 -0.716652751
O 1.382798910 1.236000657 -0.448601872
H 1.088764429 0.902156889 1.584232807
H -0.230936766 2.343997002 0.245682657
C -1.460114002 0.166482925 -0.669967890
C 1.431403160 0.385048538 0.675192714
