18

C -1.388617992 -0.460901678 -0.443138510
C 0.012376894 1.047066569 0.320608675
C 0.586986542 -1.276197314 1.089141011
H 0.380184948 -2.273429155 0.655622780
C -0.991398275 0.965844691 -0.887472987
O -0.534593701 1.155120611 -2.209727526
C -0.596050858 -0.298206210 0.880540252
H -0.960205078 -1.221931338 -1.114881158
H -2.467260361 -0.655652106 -0.358382374
H -0.064403296 1.962194920 0.911393523
H -1.221475005 -0.184676215 1.762801886
H 2.710667610 -1.039951801 0.300487161
H 0.789910316 -1.455714583 2.153815746
H -1.812776923 1.683706760 -0.761186421
C 1.735453963 -0.579646587 0.412298530
H 0.246570408 0.600518346 -2.314990997
H 2.138097286 1.364557028 -0.419946551
C 1.436533689 0.667297602 0.023016863
