21

C -0.985468268 0.533393502 -3.512005568
O -1.128189206 1.283619404 -4.431244850
H -1.104353309 -0.559155524 -3.679730892
C 0.620575249 1.373932123 2.633750916
N 0.100163430 0.288980335 0.117109366
H 1.356891632 1.722623110 3.369815588
H -0.668945253 -2.274357557 1.722022653
H -0.846620917 -1.029092908 -1.259803414
C 0.199252889 -2.019800663 1.103674412
H 0.058420934 -2.458872557 0.126423597
H 1.301116705 -0.606036842 2.896241903
C 0.398296058 -0.513966978 1.061571717
H -1.596125484 1.337494016 -1.646823645
H 0.608831048 2.037018776 1.769107342
H 0.040823378 1.780845642 -2.123904467
H 1.075931430 -2.512481451 1.556688547
H 0.783260047 -0.588079572 -1.689407110
C -0.133242592 -0.204930887 -1.228044510
C -0.670263588 0.955057025 -2.093853474
H -0.372375131 1.423441768 3.108808994
N 0.962021232 0.030369405 2.199602842
