20

H 1.669230580 0.966811895 -2.014463425
H -1.234302759 -2.043893337 -1.112693310
C 0.897017360 -0.313270539 -0.423138499
C -1.936053395 -1.527163625 -0.454626769
H -0.490373552 1.289218187 -0.812527537
O 1.435198069 -1.011493444 0.707972348
H 2.381482363 1.269428968 -0.426134080
H -2.470336676 0.407455802 0.370077699
C -0.308562756 0.568176150 -0.002792702
H -0.877689183 2.027822495 1.516276956
O -1.537149668 -1.422728777 0.932773113
H 0.876409590 1.953759432 1.204023242
C 2.020264387 0.488581806 -1.084775448
H 2.851170063 -0.178629175 -1.334377766
H 0.082475126 0.678339183 2.140990496
C -1.601726055 -0.224851757 0.148904994
H 0.558483183 -1.054637074 -1.162558079
C -0.036133658 1.358945608 1.288976431
H -2.977345467 -1.782593250 -0.603468478
H 0.697942495 -1.449278712 1.121561050
