23

C -0.881775320 -0.241614074 -0.102019899
H -0.080788121 1.657368541 1.745390892
O -1.410912991 -0.462341368 1.227658510
H 2.325965405 1.126388550 -0.123851180
H -0.946208954 1.583463073 -1.265959501
H 0.909336329 -0.455555558 1.839166045
C 1.133867621 -0.943176866 -1.468780279
C -1.561317801 -1.488726616 0.285588533
N 1.452691197 -0.510535061 0.986606002
H 0.570484698 -1.863265157 -1.663250923
H 0.576158941 2.829364538 0.595841646
O -0.892633855 -2.692825079 0.517104089
H 1.019902825 -0.290223509 -2.340008020
C 1.421977282 0.853189170 0.411368877
C 0.820053399 1.967266679 1.219406605
C 0.636183798 -0.272447973 -0.210268319
H -2.473428965 1.185602307 -0.468086004
H 1.529032707 2.311252832 1.971213579
H -2.578197002 -1.675052643 -0.058683380
C -1.605010390 0.763914585 -0.983005524
H -1.956022024 0.274671137 -1.893924713
H -0.199423596 -2.451071978 1.134485126
H 2.190065384 -1.205644727 -1.355991840
