15

H 0.707286716 -2.518059731 -0.550462425
N -1.713016748 1.181668162 0.023700684
O -0.410499930 2.872295618 0.942226171
O 1.762159228 0.563357651 0.440698117
C 0.793766022 -1.470698357 -0.298887819
C -0.519287169 1.743613482 0.503713965
C -0.159599528 -0.495263457 -0.175148845
H 2.565606117 -1.284946322 0.957543612
H -1.937337518 -0.340738147 -1.424359918
C 0.445237249 0.672549903 0.303996652
C -1.623700857 -0.199341774 -0.378449768
H -2.270250797 -0.842445970 0.240514934
H -2.558183908 1.734027028 0.048484515
C 2.089604855 -0.820389032 0.084524751
H 2.828216553 -0.795629323 -0.718094826
