18

H -1.550260067 0.097677901 -1.134191871
C -0.918315947 -0.148003235 -0.282560736
H -2.107326746 -1.969241977 0.101603948
H -2.465615988 0.642461300 1.101423621
C -1.409814358 0.352842689 1.102022529
O 1.336510777 -0.896191180 -1.031756282
C 0.530931354 0.220143661 -0.561404407
C -1.137086868 -1.520468950 0.363291025
H 0.277072340 2.355342865 -0.688077986
H 3.079076052 -1.038533211 0.941519618
H -0.354161650 -2.259903669 0.246922806
N 2.266912699 -0.510859609 1.219048738
O -1.185872197 -0.941373885 1.682571411
H 1.824303031 1.774663925 -1.334909916
H 0.332234323 1.529291511 -2.248779535
H -0.816322148 1.124531031 1.589669108
C 0.755603850 1.551666737 -1.246503353
C 1.542131186 -0.364045382 0.180111617
