20

H 1.786948204 1.531389356 0.168568239
H -2.433997393 -0.681105793 1.065911293
C 1.579470754 -1.378952861 -0.133214727
O 2.379948139 -0.318037361 -0.682471573
C 0.778702021 -0.400869668 0.745489240
H -0.867437303 -0.421557814 -2.068470001
H 0.643177092 -0.671830535 1.791061640
H -0.878815949 2.298566103 0.123864293
C -1.903490901 -0.605639219 0.114765085
H 1.051629066 -1.919688940 -0.928551733
C -0.847656369 0.405671388 -1.348726034
C -1.309010863 1.340540767 0.422094256
H -1.798881531 1.415260196 1.405649543
C -0.514007986 0.062072065 0.125410959
N -2.184249401 0.681304216 -0.655929208
C 1.981973171 0.494744897 0.445237249
H 2.748755455 0.464576483 1.227892041
H -2.021199465 -1.512055516 -0.482075095
H -0.385115236 1.289144158 -1.784265757
H 2.193258762 -2.073532343 0.447760135
