15

N 0.559354424 -1.082901597 1.204365611
H 0.686386704 -2.005610228 1.572544575
C 0.006029368 -1.342486739 -1.380080938
C 0.181338966 -0.742596090 -0.100062735
C 0.450351685 0.023749759 2.042155981
H -0.695330679 -0.314066619 -3.239194393
H 0.147969708 -2.363291264 -1.668879390
C -0.139666200 0.580473244 -0.160310686
O 0.649901509 0.029883590 3.231400013
C 0.017015560 1.242069244 1.162667751
N -0.529706240 0.846975446 -1.452834487
H -0.777215660 1.745343685 -1.830139875
H -0.898407042 1.679018855 1.589315057
H 0.781462431 2.018100023 1.222893834
C -0.439484566 -0.314661324 -2.193840981
