18

C 1.403529763 1.336760283 -1.039695621
H 0.804474235 -1.421422482 -2.901969671
H -2.338947296 -0.184205204 2.710202217
C 0.800553918 -0.753527582 -2.055601358
H -2.582301617 0.035885409 0.969109952
H -1.641244292 1.209058046 1.872460246
H -0.303934336 -2.103266478 -0.807981491
H 0.768927217 1.618093371 0.990706861
C 0.125787422 -0.284528911 0.229559004
H 1.896814823 2.304462671 -1.085981011
C -1.858462095 0.140632808 1.786535501
C 0.764642179 0.950734794 0.131546512
C 0.162642658 -1.136115074 -0.881017685
H 0.092475891 -0.570819080 2.340242147
H -0.859126210 -1.743289709 1.440425754
C -0.589194536 -0.671992242 1.499494553
H 1.925451398 0.782969952 -3.051764250
C 1.427910209 0.490568936 -2.146271229
