19

C -1.521871567 -0.811591089 0.182384089
C -0.460431457 -0.499601334 -1.460306525
N -0.431110173 -1.573075056 -0.437116623
H -0.296787351 2.366758823 0.416156113
H -1.511287212 0.617763698 1.865805387
H -2.361011028 -1.337971449 0.633896768
H 2.757065773 0.442436337 0.968492031
H 1.994775057 -1.130936265 0.566697001
H -0.843161225 -2.397061825 -0.894927144
H -0.232901558 -0.808665931 -2.490287066
C 0.620095253 0.442669064 1.301535130
C 0.380323946 0.777902782 -1.043293953
C -0.880284607 0.255161971 1.052562952
H 0.351642996 1.523384809 -1.844842315
O 1.723359823 0.396540314 -0.808456361
C -0.117792085 1.310959220 0.286715358
O -1.842363358 -0.294147521 -1.149205327
C 1.853470445 -0.037058886 0.542296052
H 0.818267941 0.756532907 2.311895132
