16

H 1.845965981 0.346910536 -1.700857401
C -1.116038799 -1.818922400 -0.193429545
C 1.183795214 0.226712629 -0.838402510
H 1.528584838 -0.640568256 -0.249846831
H -1.401603937 0.047942199 1.790325046
H -2.038572788 -0.030710489 -0.783972561
C -0.831770420 0.380713791 0.926044524
C 1.177213073 1.472135782 0.035894588
H 2.124220610 1.570024014 0.571458519
O -0.113986440 -0.007127959 -1.373125315
H -0.046385210 2.125025272 1.784959555
C 0.035275985 1.372802854 1.007302999
H -1.202037811 -4.057334900 0.049957015
C -1.152047157 -3.000562191 -0.059882388
H 1.079511881 2.368447304 -0.587867320
C -1.072125554 -0.355488300 -0.378558427
