15

O 0.165180877 -1.844421625 -1.158521891
C 1.207269788 -2.744493961 -0.700875759
C 0.068618529 -0.751956582 -0.417572677
H 1.181629300 -3.574460268 -1.393670082
H 0.992956460 -3.071953058 0.313730270
O -1.772637725 2.047246218 -0.103323817
C 0.742530882 -0.175698787 0.618107498
O -2.338941574 4.159196377 0.376180768
C -0.840719640 1.112638474 0.084961452
H 1.595666409 -0.531719506 1.167945862
N 0.128357440 1.051780701 0.921488225
C -1.587328911 3.260125637 0.553685486
O -0.997148633 0.054207891 -0.751257896
H 2.184127092 -2.245346308 -0.741136968
H -0.729560673 3.254853964 1.230259657
