15

H -1.872269392 0.007632972 -2.072948694
C -0.536275387 0.083366901 -0.802379429
H 1.280790329 1.123626709 -2.210958719
C 0.258874655 -0.491163552 1.766723752
C -1.452720642 -0.643317938 0.051273305
H 2.069796562 0.502282739 1.313687205
O -0.968956530 0.368367791 -2.053156137
O -2.576766491 -0.992442906 -0.295867115
H -1.602920413 -1.394193888 1.943770409
N -0.970636129 -0.887772024 1.330083370
N 1.520465612 1.229039907 -1.243728399
H 0.511815548 -0.744755507 2.793844223
H 2.521051168 1.154852033 -1.076902151
C 0.717016578 0.494884163 -0.385754555
C 1.100734711 0.189592510 0.942312658
