14

O -0.933148563 0.630068421 -1.266603470
C 0.608607292 0.086839266 0.341655344
N -2.783059597 -0.718640447 -1.542521238
H 1.927735209 2.056848049 0.176657796
H 1.619944811 0.549837351 2.137778282
O 2.587574244 1.489332080 0.555247366
C -1.699691772 -0.448237866 -0.954839587
N -0.087021977 -1.031408310 0.743972421
H -3.035131693 0.026338300 -2.208393335
H 2.529710531 -0.472201288 1.037389874
C 1.884024501 0.410828978 1.083862662
N 0.288071424 0.887697458 -0.598327637
C -1.171196103 -1.291456461 0.119317241
H -1.736418366 -2.175845861 0.374803990
