16

N 1.933446527 -0.927049518 2.176542759
H -1.494992018 -0.805376112 1.751897335
C -0.357379884 0.640787840 -1.797758937
H -1.952061653 -0.349015892 0.043929208
N 1.102141619 -1.218226552 -1.257693887
C -0.724730253 1.178771019 1.097625732
C 0.653162062 0.086338274 -0.881229401
C 0.165772125 0.069299273 0.569463789
H -0.547178745 1.504123807 2.113890648
H -0.980606854 1.953794479 0.397892982
C -1.293697357 -0.196723759 0.882391512
C 1.150236130 -0.477237433 1.473653793
H 1.439352036 -1.310765624 -2.197733879
H 1.518185139 0.760155141 -0.935965478
H 0.544861019 -1.966644645 -0.918403387
N -1.156509280 1.057769537 -2.518503189
