16

C 1.111761689 0.247775912 1.107973576
H -1.700085282 1.207633376 -0.166270584
O 0.280722409 -0.347418219 2.131017208
C -1.278282285 0.331416905 0.332100779
H -0.315730900 1.003030539 -2.241735935
C -0.435698301 -0.501022935 -0.613590896
O 1.438349485 0.088594280 -1.461395621
C 1.017044663 -0.459642291 -0.224528566
H -0.382428139 1.686541080 1.983960986
H 0.189179912 -2.059083700 0.627129138
N 0.323015571 -1.737446427 -0.333150774
H 2.037022829 0.690908015 1.453963161
H -0.003088691 -0.694262445 -2.818154335
C -0.238515869 0.772096515 1.408024192
C 0.061549325 0.004903428 -1.979727268
H -2.104816437 -0.234023705 0.794384837
