13

H -0.165589496 -1.291025639 1.342015266
H -0.880524218 -1.399379611 -1.313604832
H -0.623561561 1.192503214 -2.152323484
C 0.384140015 -0.735321581 0.567384720
C 0.109745078 0.799230754 0.744583905
H 0.344751716 1.337069988 1.658285499
C -0.510395348 -0.609192729 -0.678434014
C -0.389931262 0.841292441 -1.156817675
C 1.754364133 -1.212672114 0.554984510
H -2.288639784 0.710466266 0.271832049
O 0.679034650 1.428778887 -0.429348737
C -1.256563663 0.543590069 0.012954698
N 2.843169928 -1.605339885 0.578487992
