18

C -0.763150394 0.758516908 -0.717273891
H -0.102913037 -1.968169928 -1.442154408
H 2.307328463 1.189940691 1.921051502
H -2.252649784 0.065777108 0.745785415
H -1.172633410 -1.677722096 1.117886662
H 1.171046376 -0.016830754 -1.112187743
O 0.878983319 0.157155916 0.907945991
O -1.893300176 0.201445550 -1.369427085
H 2.880735159 0.401480794 0.423831940
H 1.919686198 1.887438178 0.332289487
H 0.884214520 -2.214923382 0.016102539
C 2.051776648 0.951756299 0.889549792
C 0.035032332 -1.669334292 -0.409033209
C 0.375904858 -0.180825397 -0.371750981
O -1.168850541 -2.051027536 0.238765910
C -2.067736149 0.761722326 -0.059284419
H -0.425031394 1.732329726 -1.085857034
H -2.658443213 1.671270013 -0.026240937
