20

C 0.128508478 0.469663292 -0.084359340
H 0.221234575 2.046974897 1.448253155
H -1.653462887 -1.048818469 1.766347885
H 0.940199375 -2.085656881 -0.197500452
H -0.748996735 -0.331767857 3.111752987
C 0.707407892 -0.962509096 -2.079600573
H 2.534624815 -1.685589314 -1.013398409
H -0.905995786 1.762706518 -1.451021910
N 0.168021709 -0.136197552 1.256567001
C -1.040800571 -0.189659864 2.072591305
H -1.824928999 1.432347417 0.017423023
H 1.187113285 -0.779471695 -3.040189981
C 1.473216772 -1.475437164 -0.915869594
N 1.098489404 -0.066388831 -1.018217683
C -1.155455828 0.984127462 -0.721709847
H 1.835759878 1.238896728 1.119439721
H -1.671829104 0.716237366 2.043797016
C 0.752535284 1.191718221 1.059528828
H -1.715047717 0.206104249 -1.219885111
H -0.330593705 -1.287279844 -2.153948784
