21

C 0.225723431 -0.208051220 1.014360309
H -1.073031068 2.057837486 -1.396784902
C -0.392264247 2.865572691 0.552484453
O -0.269263953 -0.504416585 -2.592581272
H 1.054283381 0.318660408 1.500463963
H 0.294992834 2.590997696 1.355152011
C -0.572465062 -0.750030220 -1.230783463
C -0.432815760 1.819882512 -0.536909640
H -0.754638851 -1.137637138 -3.131362438
C -0.119507104 0.406453013 -0.334188551
C 0.588415980 -1.641475081 0.610909760
H -0.074271522 3.825619936 0.135487616
C 0.157306090 -1.915264964 -0.636761546
H 1.279298544 -2.203283787 2.441917419
H -1.388661027 3.016049385 0.978938758
H -1.673489451 -0.880190611 -1.107792735
N 1.306604266 -2.445624352 1.452854633
H -0.624618173 -0.213528141 1.713067055
O 0.842898309 1.283198118 -0.906999171
H 0.324191958 -2.846387863 -1.169476986
H 1.301311851 -3.438381910 1.288003683
