19

H -3.126482487 -2.360037804 -1.743604779
H 0.191539615 -1.381184578 -1.833041072
H 0.897766888 1.235001206 1.761355162
C 2.275484085 -0.620633543 0.381904900
C 0.464656025 1.596789956 0.827216208
C 0.051354825 0.424024194 -0.095556796
C -1.766232491 -1.294476390 -0.269562364
O 1.042966843 -1.454127073 -1.378774881
C 1.306452632 -0.270390868 -0.682202816
H -1.509792805 0.026010113 1.337574124
H -0.319264174 -1.255391359 1.242512107
C -0.906550646 -0.545455933 0.637926161
C -2.480469465 -1.855010390 -1.054461241
H 1.236640811 2.210792780 0.316202343
H -1.097874880 2.695930719 0.422644109
N 3.046764135 -0.870893061 1.206679225
H 1.812376738 0.456342727 -1.337783337
O -0.627404869 2.407927275 1.211479902
H -0.491931349 0.854782283 -0.950506985
