19

H 0.857814848 -2.219467878 -0.401090592
H 0.585176587 1.926470280 -1.443365216
O 0.628766596 0.455429465 1.570127606
O -0.934968114 -1.340976715 -0.134947807
C 0.014284091 0.986695111 -1.340656757
H -1.178667665 1.355262518 1.977498412
C 0.497731239 -1.225386143 -0.134097993
C 0.999862850 -0.190243244 -1.140483499
C -1.516896129 -0.167828962 0.366461903
H -1.730029583 1.938209176 -0.361544162
C -0.684453368 0.766789138 1.196003914
H 0.437360197 -1.554822206 2.004914522
H 2.031936646 -1.011922121 1.387495995
H -0.528584421 0.860961258 -2.285828590
C -1.011191368 1.130282283 -0.235988021
H 1.187618136 -0.670526981 -2.107234955
H 1.971444488 0.177120909 -0.798730135
H -2.569876432 -0.322922587 0.602757931
C 0.942671180 -0.893123388 1.278707981
