14

C 0.237379968 -2.094479322 0.481974095
N 0.946254551 2.549768686 -0.890660644
C 0.370434344 1.508630872 -0.494210362
N -0.924223661 1.292127132 -0.025845375
C -1.168777585 -0.019447111 0.363678634
H 1.101218343 -2.439054966 -0.075415574
H 0.358861148 3.378662109 -0.845558107
N 0.033046503 -0.698760033 0.128422782
H 0.416699469 -2.207766056 1.552967668
H -0.651708245 -2.662459612 0.216695830
C 1.004996300 0.118018992 -0.438554287
H -1.649478078 1.981176615 0.005736239
O -2.169956446 -0.482648820 0.824341774
O 2.095252752 -0.223768622 -0.803572595
