17

H 0.819881201 1.504815221 1.960241556
H 0.146733448 -0.181338042 -1.969391227
H -2.091727734 -0.068484053 0.127630591
C 1.730705261 -0.215083480 0.135529920
C -1.650432587 -0.063418955 -0.879469752
H 2.795649052 -0.323162138 -0.033085398
C 0.575689971 -1.164873838 -0.084314346
H 0.903861403 1.887848973 -0.621388197
N -2.351258278 -0.005752878 -1.949775815
C 0.839443684 -0.566616833 1.307669997
H 0.622983396 -2.235137463 -0.233110145
C 0.692547739 0.927497447 -0.158240914
H 1.061628342 -1.216301203 2.143131256
H -3.341923714 0.072596237 -1.717711091
C 0.235476673 0.829749584 1.332798600
H -0.823139846 0.957247078 1.562398911
C -0.166117609 -0.139585584 -0.922914088
