21

H 0.792335808 -0.524728417 3.806777477
C 0.800743997 -1.003995419 -0.702802241
H 1.881072521 -0.865224779 -0.533653200
H -0.106862202 1.388042688 -2.171942949
C 0.046876851 -0.021466147 0.192308724
H 0.950516820 -3.125954151 -1.148599267
N 0.569962561 1.780922890 -1.517940640
H 0.598370612 2.782108068 -1.679356456
H -0.661816061 -2.600744724 -0.653740346
H -1.578195691 1.846925139 1.190320373
H 0.621923625 -2.774968863 0.557104409
C 0.578995526 -0.383960873 2.773046732
H 0.611643076 -0.726175845 -1.729903221
H -1.994745493 -0.455248326 0.557221711
C 0.402153999 -2.459247589 -0.468171060
C 0.146792933 1.518827677 -0.148247674
C -1.369335294 1.550211430 0.148952067
N -1.422053099 0.084362470 -0.077162288
C 0.347328991 -0.229696915 1.606750369
H -2.001215696 2.125539780 -0.527921617
H 0.785506189 2.094471931 0.526958883
