19

C -0.266983271 -1.517973304 -1.010590553
O -1.457808018 -0.725539863 -0.836570859
H 1.853895783 1.174098611 -1.503804564
H -0.411010563 0.477203667 2.780705690
C 0.027178921 -0.320062071 2.172057629
C -0.376549482 1.416153550 -1.097049594
H 1.766062260 -1.153976798 -0.172753796
C -1.088795543 0.474198312 -0.125899538
C 1.035622954 0.851768017 -0.864062786
H -0.400498778 2.474869490 -0.779111087
C 0.182288229 0.127117723 0.754972696
H 1.000281930 -0.577704132 2.606067419
C 0.830255449 -0.656187952 -0.412914395
H -0.381005287 -2.476581573 -0.484872580
H -0.626035333 -1.192430019 2.236264706
H -1.975780368 0.831506729 0.395786583
H -0.121570855 -1.731424809 -2.086812735
O 1.184418917 1.193616271 0.535557806
H -0.773966789 1.331347466 -2.106969118
