23

C -0.641957998 -0.415017188 1.636836052
C -0.089739330 -1.294471979 0.515899062
C 1.540216088 -1.358466744 -1.442123532
H -1.426948667 -1.110208273 -0.893492639
H 2.021676064 -2.250239372 -1.039242864
H -1.603052258 1.901131749 -0.794500232
C 0.334715337 0.805960417 -0.853416860
H 2.290787935 -0.790008008 -2.006495714
H 0.348977894 0.905754924 -1.932503223
H -2.467932701 0.321219802 0.771453619
C -0.866929889 1.409726262 -0.151753455
C 0.941360474 -0.497994393 -0.319993615
H 0.617225587 3.015810728 -0.621010244
H -1.257351995 -1.032329798 2.311711311
H -1.710965395 1.487725496 1.838947177
H 1.016348839 2.028920650 0.874517024
C 0.474219173 2.090145111 -0.066483051
O -1.145712614 -1.814594269 -0.292854071
H 0.765202403 -1.689054370 -2.142506838
H 1.756681561 -0.232006297 0.369964480
H 0.193451941 -0.036935169 2.234977961
C -1.493793130 0.736610711 1.070843935
H 0.403520525 -2.181680679 0.931225419
