17

C -1.029796243 1.132946849 0.081590794
C 0.909066260 -0.284285575 0.766704202
H -1.777806401 1.896592617 0.272251070
H -0.494974852 1.216712117 -2.063575029
C -0.021875538 1.209744334 -1.062659621
H 1.863716722 -1.376246095 -1.487686634
C -0.346946210 -1.198670149 -0.444724828
C -1.357220769 -0.347464621 0.286532313
C 0.678972661 -0.084690981 -0.773311794
N 0.600028872 -1.729246736 0.465449929
H -2.360867977 -0.694993496 0.521567941
H -0.649040759 0.576940358 2.283958197
C -0.417728335 0.379501969 1.241186142
H 0.667543054 2.070626974 -0.983466208
O 1.701854348 -0.438612252 -1.618803501
H 1.843624353 -0.052047741 1.282776475
H 0.191450953 -2.276807785 1.232210159
