20

C 1.283712029 -3.060171366 -0.973702312
H 1.246434331 -4.111134052 -1.041908860
H -0.959017992 0.192680195 -2.246149063
N 0.300077111 1.686345100 -0.126516178
H -1.297744632 -1.222687840 -1.221574903
H 0.905465603 2.033965826 1.984317303
C -0.156508625 0.048389010 1.208470821
H -1.301555514 0.947748959 2.846664906
H -2.054303885 1.327064514 1.222947836
H 0.208954632 -0.793292344 1.776798844
C 1.316576838 -1.859346271 -0.908037424
C -1.153559446 -0.131018102 -1.219712138
H -0.412928641 2.310643196 -0.492189348
C -1.154379964 1.040013075 1.766482592
H 2.146815538 -0.107771799 -0.116000652
C 1.345795870 -0.405372411 -0.808024585
C 0.199582443 1.516183734 1.333550930
H 1.590852618 0.027902465 -1.789464593
C 0.024418404 0.224315926 -0.315133661
H -2.078686714 0.335543066 -0.880819082
