19

H 3.215911865 0.972572565 -0.620674491
O -2.129802465 0.175724998 -1.052871227
C -0.125124320 0.053640358 -0.706192434
H -0.046209585 -1.774526596 2.205965757
H -1.002231359 1.812333465 -1.780064821
H -0.901575983 0.334861845 -2.788095713
C 2.145584822 1.173358202 -0.705768347
C 1.333425045 -0.116354115 -0.517150104
H 1.970810056 1.614603281 -1.694454432
H 1.886274695 1.916166067 0.044741079
C -0.974211395 0.716084778 -1.754634619
C -1.758688450 -1.057256222 1.099120975
H -0.413576007 -0.073275357 2.490067959
C -1.267122984 -0.344635099 -0.086697690
C -0.862367988 -1.052642345 2.327335119
H 1.517686605 -0.517039001 0.486349255
H 1.701552272 -0.883382916 -1.218095541
H -1.445135593 -1.342781305 3.196659088
O -2.845199585 -1.607452393 1.074460268
