19

C 1.845817685 3.866519690 -0.760164738
C -0.456195921 -1.601857305 -0.363557726
H 2.559038162 4.397498131 -1.337644100
H -0.305600017 -3.723400831 -0.712099910
H -0.880690277 2.991652966 0.650772035
C -1.124722958 0.464138210 0.101916030
N 0.541765809 -1.553376675 0.695010543
H 0.755426645 0.666114569 -0.111694366
H 0.413309336 2.512785196 1.740085363
H -1.797455668 -3.003535032 -1.295378089
N -0.056589909 1.154334784 0.206409469
C 1.046940923 3.260152340 -0.112247460
C 0.096694820 2.511652708 0.690590322
H 0.148529172 -1.661689043 1.597118258
H -1.563304424 -3.270853996 0.441282630
H 0.039558288 -1.340939283 -1.302698612
H 1.369081616 -2.071929455 0.494867504
C -1.072083592 -2.990940809 -0.500411212
N -1.559519649 -0.606326401 -0.122155897
