25

H 1.359192252 2.217475653 0.059764259
H 0.635069668 0.743364036 -2.183960915
C 0.888882458 1.351666689 0.560474992
H 2.212189913 -1.115217924 -1.347924352
C 1.147859693 -1.188034177 0.631252944
C -1.139026403 -0.083104946 0.683176696
H -2.093467951 1.640610099 -1.315202117
C -0.355240464 0.880293190 -0.233241856
H -0.683698297 2.703595638 -1.365151525
H -0.441281319 -0.619551837 -1.854041100
H 2.842991590 0.262333572 0.845355272
H 1.785353899 -2.003847122 0.971734047
C 0.284205258 0.058065247 -1.402371168
H 0.631336987 1.674247742 1.580476165
C 1.821275830 0.152632236 0.509037256
H -1.803049088 -2.692482948 0.547272086
H -2.072887897 -0.380452961 0.190014958
C -0.318845868 -1.353135943 1.027272940
C 1.459582210 -0.634657264 -0.734924197
N -0.811057329 -2.567474604 0.370602399
H -1.419357657 0.446594566 1.597201109
H -0.389342725 -1.545214176 2.097026587
C -1.242672920 2.012248755 -0.722750723
H -1.649823666 2.586010933 0.119998574
H -0.648188710 -2.545964718 -0.631092370
