17

C -1.698082209 0.304202586 -1.868957043
H -1.333541393 1.294944525 -2.159034491
C -0.920844018 -0.505085528 -0.939971507
H 1.970924139 -1.554356575 2.160276890
H 1.365752339 -1.882970691 -0.236032367
O -0.914871693 -0.791368127 -2.343902826
H -1.449303508 -1.237913609 -0.318136185
C 1.434327245 -0.838710248 1.547026634
C 0.373248309 0.026445139 -0.376802951
C 0.908517480 0.419172525 1.998595357
H -0.870907903 1.208114624 1.010056376
H 0.947401166 0.449028581 -1.216428638
C 0.181999400 1.043387175 0.765573740
O 0.974524617 0.903418303 3.107629776
N 1.184676886 -1.026203513 0.255769730
H -2.776453018 0.170429885 -1.932149649
H 0.622631788 2.017464399 0.546487093
