16

C 1.448359966 1.372107148 2.085824966
N -0.414072961 0.752960086 1.062127113
H -0.562106133 2.203610420 2.661275864
C 1.810499549 0.430005342 1.127106190
N -1.330539227 0.251146674 0.208630800
C 0.063094310 1.571357131 2.061251640
N -0.252791047 -1.225206971 -1.431090117
C -1.425503492 -1.364698648 -2.258059740
H -2.273055077 -1.705708742 -1.659276962
H 2.763278008 -0.006617594 0.908274829
C -0.320277423 -0.382307291 -0.367206872
H -1.726916909 -0.418640465 -2.742496490
H 2.147011995 1.880740047 2.727506876
H -1.228111506 -2.102054119 -3.033659220
H 0.646565676 -1.355654240 -1.843069077
N 0.654563963 0.098961487 0.492859811
