18

H -2.130090714 0.290069252 0.099936180
C 0.604006052 -0.740557313 -1.609111071
H 1.718363285 -1.219480038 -3.526731253
C 0.053705510 1.660129189 1.219647646
H 0.729885817 2.109045267 1.951872945
H 0.514429092 -2.442217827 2.100593328
N -0.347454578 -1.722950697 0.337448597
C 0.704239666 0.429751188 0.616933823
O 1.027130485 -0.512603402 1.675705552
C 0.374257833 -1.641709447 1.378821254
H 1.653228879 0.715395451 0.161430165
C -1.506320834 0.142788142 -0.784024179
C 1.195438981 -0.989430010 -2.633373260
H -1.382336259 1.098814011 -1.310390592
H -0.157587364 2.409157991 0.449905932
H -2.018989563 -0.550594449 -1.457904935
H -0.881216586 1.407700896 1.722325444
C -0.150689259 -0.443308383 -0.393085986
