16

C -0.818059623 0.744805932 0.673856556
H -1.126579046 1.791338801 0.740871310
C 0.685085118 0.609623015 0.314954251
N -1.259069920 0.170624331 -0.628656328
O -1.206638575 -3.147674561 0.539721310
H -1.166534781 0.202570975 1.562579513
H -1.089187026 -1.704436541 -1.627999306
H 2.472832441 1.806713820 -0.206342146
H 0.407872230 -2.036108732 0.980051279
C -0.492233276 -2.189465523 0.365133464
H 0.591609657 0.147210672 -1.978375435
C 0.192431107 -0.056616087 -0.981519163
C -0.707235456 -1.208743572 -0.738553703
C 1.376608729 1.901285410 0.018252671
H 1.302568674 -0.007503312 0.960735679
O 0.836530030 2.976375103 0.005290110
