16

H 3.647491693 1.745487690 -0.816382468
N 0.482620895 0.396500409 1.601974249
H -1.449240327 -1.421689391 0.889174342
O 1.872671247 0.741557121 1.618864536
N 1.231669068 0.869209051 -0.504603267
H -0.766721845 -1.660813212 -0.736883104
H -2.854814291 -0.775184333 -1.760703325
H -3.537609339 -0.462560803 -0.163870603
N 3.528876543 1.291359901 0.081216186
C 2.210361481 1.001272798 0.352005571
C -1.463198066 -1.060678482 -0.136266112
O -1.018475056 0.307224721 -0.154929772
H -3.247699261 -2.123268843 -0.692693651
H 4.016887188 1.767316341 0.830162466
C -2.864202023 -1.108449101 -0.728756189
C 0.211382478 0.492715955 0.321691036
