17

H -0.338098735 1.617193103 -1.599904180
H -1.079860926 1.630575895 1.314984202
H -1.120239854 -0.746643066 1.677105427
C 1.008308530 -0.523234665 -1.862184763
C -0.303181052 -1.247702837 1.137893081
N 1.709238291 -0.724298418 -2.768929720
H -1.706511974 0.806093752 -0.835874856
N -0.694674492 -1.478943110 -0.291204005
C 0.153590918 -0.336232275 -0.711907089
C -0.634818375 1.006055236 -0.751668572
H -0.016525025 2.758807659 0.459341764
C 0.849095285 -0.284270108 0.694931746
H 1.846821070 -0.722932756 0.787979245
C -0.261335522 1.697804213 0.587513983
H -0.330003649 -2.364747047 -0.629575670
H 0.007227397 -2.138440132 1.699126363
O 0.910967767 1.050914288 1.092373252
