18

H -2.724781275 0.940880656 0.730793059
C -1.777509451 1.392905474 0.415856212
H 0.053576969 -0.061364971 -0.729983091
O 1.415244818 -1.387310028 1.768890977
H 2.985911369 -2.340767860 0.959362209
C -0.700847805 0.552570999 1.094646692
H 1.351327896 -2.287609577 -1.116792202
H -2.569766283 2.226947069 -1.405738831
O -0.595055401 0.513908923 2.284696341
H -0.823975563 2.036241531 -1.446430564
C 2.007024288 -1.652798653 -0.495340794
C 1.169217587 -1.071336627 0.638398230
H 2.359786510 -0.844899952 -1.147392035
O 3.079811096 -2.389057636 -0.004222791
C -1.755657434 1.567419887 -1.102043629
H -1.742783666 2.360843182 0.932453036
H -1.888728023 0.624854028 -1.632106185
N 0.157205015 -0.181426242 0.254953027
