18

H 0.973406971 -1.871568203 -1.122675061
C 0.371473253 -1.365203977 1.572159171
C -1.236619949 0.350296199 0.516393721
H 2.153943300 0.063505322 -0.069136463
O 0.888191760 1.573724866 -0.572816610
O -1.449740529 1.184651256 -0.614698112
H -0.288278878 -0.772317231 -1.816745400
C 0.028194582 -0.510790884 0.384523809
H -2.136766911 -0.263610780 0.602990508
C -0.337555856 1.800029993 -1.200179219
C 1.116897225 0.198199540 -0.347676665
H -0.269728452 1.478267550 -2.258419752
H 1.322810531 -1.890978813 1.418046474
H 0.477264822 -0.747796118 2.476618528
H -0.387268364 -2.117687702 1.778922439
H -0.500139773 2.885809183 -1.165794253
H -1.135388136 0.958482385 1.433261991
C 0.409304380 -0.953012347 -1.014775276
