18

C -1.406195641 0.422558039 0.318782449
H -0.772114933 1.843998790 -1.139734387
H 1.649432302 0.527670205 0.127300218
H 1.110759139 1.974459529 -2.156849861
H -0.045008492 2.104282618 0.450339317
C 0.793545663 -0.776860595 -1.322014213
C -0.644914567 -1.290283442 2.202287674
C -0.295733094 -2.198584795 3.117229939
O 1.714913130 1.435238242 -1.643868446
N -0.000541866 -2.995103359 3.909946680
C -0.308412135 1.326083064 -0.282513052
C -0.975203097 -0.477373540 1.355031490
C 0.977622330 0.620640278 -0.733091950
H 0.052303430 -0.768579066 -2.138033628
H -2.197985888 1.063254237 0.707941949
H 1.742089391 -1.141222477 -1.727253675
H 0.456091106 -1.490602970 -0.563586831
H -1.850646853 -0.179574326 -0.481914490
