15

H -1.352358699 2.540641785 0.615930617
N -1.358470321 1.798033834 -0.068987973
H -0.432124406 0.862862289 2.140564203
N -0.505522072 0.473502606 -2.209713936
O 0.928054869 -1.009568334 2.796214104
H -1.424104691 2.072012901 -1.038761854
C 0.704100549 -1.182820201 -0.779600203
C -0.102179706 0.014804168 -1.059345245
H 1.033543110 -1.761276245 -1.639554262
N -0.099322326 0.366149008 1.330485344
C 1.042117476 -1.560668588 0.462420702
C -0.506432891 0.751493990 0.104811341
C 0.663938999 -0.774923027 1.645694494
H -0.213104799 -0.132569343 -2.979940176
H 1.621864915 -2.457674980 0.679782689
