16

N -2.265673399 1.429762840 -1.640495658
C -0.057453196 1.775067925 1.005433679
C -1.322099924 1.140167356 -1.047274709
C -0.072386563 -3.317591667 -0.021374347
N 0.977454424 2.482222080 0.271772921
C -0.139460802 0.781611443 -0.222157359
H -0.978638828 -3.726962090 0.436839104
C -0.111204915 -0.661372662 -0.117900252
H 1.944993973 0.892503500 -0.496674627
H 0.781169832 -3.682168245 0.542513430
H 0.333740175 1.286684036 1.905999422
H -0.001330474 -3.736266375 -1.036854267
H -0.987540126 2.317672729 1.231057286
N 1.122336149 1.467943192 -0.674971282
H 0.869966984 3.429466486 -0.073971398
C -0.093873441 -1.878741384 -0.061941814
