25

C -1.620247841 -2.017459869 1.558397293
C 0.796154141 0.965342581 -0.459992617
C -0.216633007 -0.212055221 -0.478400499
H -1.082171321 0.124597430 0.104455583
H 0.144785121 -0.938535631 2.151468992
C 0.124154650 2.234463215 -1.002358675
O 1.858430505 0.564211190 -1.329740286
H 0.189975813 -0.628824830 -2.568471909
H -0.214886501 2.106820107 -2.027605772
O 0.341516525 -1.362726688 0.127626717
C 1.373036623 1.211930752 0.941415668
H 2.090009689 2.026015997 0.897508740
H 0.443038464 -2.616044521 1.681368351
H -1.939492941 -2.736868620 0.797027230
H 2.485638618 1.296794295 -1.386522532
H -1.831944585 -2.450605869 2.541982174
H 1.908630610 0.316302657 1.279812098
H 0.601652145 1.473579884 1.660233736
C -0.130845934 -1.721188545 1.431056380
H -0.732566893 2.530073166 -0.378941238
C -0.665430427 -0.608370543 -1.892645836
H 0.834210455 3.069146156 -0.988611639
H -1.109578133 -1.603976250 -1.857043624
H -2.245304108 -1.124427795 1.462313771
H -1.402131319 0.101807594 -2.264332771
