18

H -3.305461168 -0.865700960 1.328061223
H 0.539799094 -1.942749858 0.755598783
C 0.720580876 0.628772557 -0.654483616
H 1.939006329 -0.018979840 1.066597819
C 0.901873887 0.257730812 0.832749486
N -2.459445477 -0.769485354 0.793092847
H 2.629966497 1.110860467 -1.482533097
H 1.604885459 2.510516405 -1.150994420
C 1.597109318 1.479909062 -1.503583908
H 0.545331359 0.983138561 1.566956878
O -1.230243921 -1.357401848 2.610923529
C -1.277730942 -1.061952353 1.435449719
H 1.250386834 1.470543265 -2.546268702
C -0.092508569 -0.591043949 -0.885245442
H -0.219183266 -1.216090322 -1.755562067
H -2.425730467 -0.319234043 -0.108439244
O -0.713162243 0.707941294 -0.899661362
C -0.005473428 -1.006774545 0.597341418
