22

H -1.211169600 -1.967351913 1.642009974
H 0.426152021 2.457196712 1.480709791
H -0.507254124 -2.540200710 0.114403874
H 1.311514616 0.036191937 1.906281948
C 1.111814260 -0.172925964 0.840669811
H 1.496976614 -1.364069819 -1.582981229
H -0.458554536 2.711029291 -0.024586499
H -0.058971986 -1.464380503 -2.414450169
H 1.869414926 1.534501314 -0.546554983
H -1.153624654 0.746346235 2.129567623
C 0.035927657 0.170695513 -0.995631933
C -1.080214739 -1.720200300 0.581670642
H 1.100677371 -0.192198202 -2.843199253
H -2.057028770 1.020012736 0.632102072
C -0.016339336 1.949144840 0.625461996
C 0.982663453 1.046587110 -0.124149658
C 0.676731229 -0.773549497 -2.001665354
H 1.795906901 -0.950041175 0.489235282
H -2.075936079 -1.708061695 0.124255896
H -0.757478237 0.729626656 -1.501446962
C -1.053165793 0.845311999 1.044936180
C -0.378040880 -0.393664211 0.423360735
