20

H -1.274298072 2.017127275 1.238629937
C -1.978555322 -0.186612800 -0.298393548
C -0.795155704 0.730017424 -0.524121165
C 0.444618523 0.032577656 -1.109459519
C -0.575038552 1.875617146 0.413843989
H -0.379363060 2.594395399 -1.696135163
H -2.311079025 -0.650589049 -1.238153458
H -2.098619699 2.442678452 -1.111732841
H 1.150445700 0.795676053 -1.456291437
H -1.724524975 -0.984567881 0.397316962
H 3.454202890 -2.253665924 1.563653469
H 0.450166136 2.146312237 0.667955220
H 2.176610231 -3.479627609 1.369604111
H -2.834611416 0.367463768 0.113306127
C 1.120932579 -0.845659018 -0.155655876
C -1.064139128 2.135416746 -0.984844983
H 2.026995182 -2.230978727 2.607712269
H 0.162300870 -0.531220615 -2.004679918
C 1.682130218 -1.559036970 0.625853837
C 2.366982937 -2.415323496 1.581592321
