14

H -1.260065198 0.317985207 -1.849785089
C 0.557772458 1.083277464 -0.557787299
O 0.560472786 -1.052812219 1.653337717
C 0.808130562 -1.445239544 0.364379942
O 1.232794523 -2.543807507 0.076139502
H -1.993849277 1.749629378 0.223063394
H 0.736883461 -1.852880716 2.195548534
H -1.552238107 0.284995914 1.173408031
C -0.713152587 0.385791272 -0.917073727
C 0.558253944 -0.435023546 -0.685188711
O 0.067416571 1.556216121 0.685658276
C -1.231583714 0.969632030 0.395312488
H 1.006558895 -0.745034218 -1.637315631
H 1.222605586 1.727270603 -1.119697213
