20

H 2.658136845 -0.820742190 0.263318866
H 0.246133193 1.131377101 -2.206066370
C -0.686329305 0.312294394 -0.418490529
H -2.050778151 0.067819268 1.277185440
C 1.743440628 -0.933682144 -0.321210682
C 0.438850820 -0.485396475 0.282974213
O -1.540711999 -0.522744656 -1.182964563
H 0.922683001 -2.513381481 1.030971289
H -2.302862406 0.005808869 -1.460646152
H 0.633388817 2.031589031 -0.726079941
H 0.050052971 -0.434645295 2.488908291
C 0.712710440 -1.949222445 0.137839898
C -1.206441045 0.704950035 0.993206382
H -1.469406366 1.757154822 1.142136455
C -0.160794571 1.488331318 -1.251535058
C 0.132494837 0.211298615 1.606890202
H 0.153112203 -2.482995987 -0.625021875
H 0.809060335 1.038126707 1.838795900
H 1.878604531 -0.813388348 -1.394552708
H -0.961344481 2.207448006 -1.475659132
