13

C -0.266551405 -3.077915668 -1.058347225
N 0.581460238 1.293265343 0.912706375
C -0.555373847 -0.539746881 -0.371388912
C 0.163340792 2.367726326 0.155271918
H 1.140435338 1.492486715 1.731949806
O 1.027922511 -0.848423779 1.463322878
O -0.456952870 2.318801641 -0.869641960
H -1.566196561 -0.325137734 -0.013209454
H 0.484574646 3.316349268 0.622742534
H -0.439358324 0.122036219 -1.236251116
C 0.430350333 -0.100651138 0.734384835
H -0.142751738 -4.087485790 -1.337891459
C -0.400899053 -1.931304812 -0.733648121
