16

O 0.825509489 0.003726162 -1.660202861
H -3.585487843 1.744913340 0.163694158
C -0.622989357 0.590894341 0.203761131
C 1.704130769 -0.568672955 0.194820896
H -0.934859812 -0.812376916 1.943592429
H 0.700514138 -2.034347534 -1.135863543
C 0.775473893 0.562009156 -0.313361436
H 2.285590887 -1.508559346 -1.775861382
O -2.522903919 0.387861878 1.322087884
C -1.233941555 -0.071574450 1.224969864
C 1.426390767 -1.210515022 -1.173294425
H 2.747341633 -0.257945389 0.309670538
H 1.398916721 -1.115235329 1.070313215
N -1.549398065 1.448722839 -0.386418045
H 1.212159038 1.562868714 -0.290255696
C -2.626446486 1.278230071 0.302347094
