21

C 0.534889817 0.261557430 0.614964962
H 0.335467398 -0.871279538 -2.184800386
C 0.452253073 -1.896018267 0.522330880
H -1.214326501 1.624246478 -1.266963243
O 1.186062932 0.370984286 -0.699455738
C -0.438047111 -0.782525420 -0.089793473
O -1.783161879 -1.042343616 0.107671015
H 0.135916650 2.382228136 0.427169472
H -0.135766774 -2.712111712 0.965067148
H 1.183396697 -2.307591438 -0.168550551
H -1.754664779 0.440521717 -2.490377188
H 1.295770407 1.954699039 1.696126342
H -2.270538807 -0.229209259 -0.070898272
C -0.870605826 0.898830950 -2.019645691
C 0.030381108 -0.168046653 -1.414775014
H 0.516579211 -0.894130945 2.473005056
C 0.368084699 1.643731833 1.205618739
C 1.053119302 -0.861322880 1.524712563
H -0.420249820 1.633015037 1.954924583
H 2.123877525 -0.901940644 1.711146951
H -0.328437716 1.456705213 -2.797478914
