23

C 1.179996848 -1.171763778 0.690327048
H 1.150703311 -1.486774802 1.739065886
H -0.092508085 0.539330244 1.252853751
H -0.880071342 -2.969640255 -1.106406808
C 0.094107576 -0.100604087 0.388225466
C 0.470764548 0.770112634 -0.841726959
H -2.586329460 -2.269684553 1.194729209
H -2.476153851 -0.587796330 1.767811656
H -0.131137967 0.446405143 -1.699929476
H 2.271763086 2.888368845 -0.579327583
H -1.815275311 -0.585261703 -0.594459116
N 0.846920669 -2.324835777 -0.182936698
H -0.577173650 2.643700123 -1.205063105
H 1.509389877 0.549083471 -1.131078005
N 1.428394318 3.132898092 -1.077127814
C -0.386671662 -2.224952221 -0.476390183
C 0.305600286 2.296380758 -0.660352111
H 1.618821263 3.014158249 -2.067917347
C -1.125553012 -1.040065765 0.122025430
H 2.199887991 -0.836740851 0.482977659
H -1.223320007 -1.765323520 2.190250397
C -1.897466898 -1.444952011 1.398317695
H 0.115311258 2.527957678 0.396131307
