23

H 1.311849952 -0.290909678 -2.583319426
N -0.037196361 -0.112505399 -0.345744997
C -0.632259429 0.823898852 0.544971585
H -1.490502477 1.379314184 0.158081517
H -0.868157446 1.417834401 2.572380543
H 0.173401922 0.031486139 2.365343094
C -1.930849433 -0.445059091 2.282837868
H -1.994149208 -0.688805103 3.342570782
H 2.218648672 2.009446621 1.041131258
C -0.747486711 0.486340135 2.004393816
H 1.267548323 -1.793924212 -3.514487267
H -0.711220384 -2.429751873 -2.235411882
C 0.692981660 1.073380828 -0.154047176
C 2.022478580 1.050946593 0.562603474
N -0.126083657 -1.657343149 -1.979427099
H 2.826531410 0.854666114 -0.141681716
H 0.036054444 -0.545342088 -3.786028862
H 2.049142122 0.271941662 1.326648474
H 0.666096449 1.795096517 -0.961550653
H -2.881182194 0.005461939 1.986681938
O -0.685554504 -0.811384439 -1.186938405
C 0.656151235 -1.044515133 -3.026883602
H -1.816243172 -1.380273461 1.727876782
