20

C 0.563272297 0.838333368 -1.215128303
H -0.522598624 -2.070575237 1.322757602
C -0.517503917 1.788872719 -0.712778091
O -0.197842672 -2.877920151 -0.528836548
C -0.348654985 -0.512241840 -0.127803415
H 1.263130307 1.116981387 -1.996456861
H 2.395948887 -0.981406152 0.818224132
H 0.780310094 1.923970819 1.601604223
O -0.245666131 -0.334289938 -1.543773532
C 1.023079276 0.170202792 0.128064021
H -1.899274945 -1.930224895 0.236944005
H -0.150412068 2.754876137 -0.380871385
C -0.804591537 -1.887935400 0.278627157
C -0.881167352 0.859479725 0.468473017
H -0.348052114 -2.587214470 -1.437064767
H 0.365420729 0.300835699 2.201177359
O 2.281646013 -0.392318279 0.076955460
H -1.307105422 1.915892005 -1.438166261
H -1.863363028 0.963697851 0.928235829
C 0.413424939 0.940983772 1.319816232
