22

H 1.560469866 -1.873950124 2.317310810
C 2.208056211 -1.419709682 1.553668857
C -0.292006284 0.726169884 -0.253233373
C 0.425342500 -0.527334332 0.348027110
H 0.250501633 2.438582897 0.953688085
H -0.013040773 -1.901800871 -1.390053511
H 2.416607857 -2.179934740 0.778602004
H -0.236692593 -1.134829640 0.981334805
H -3.649352312 0.249317989 -0.339345366
O 1.626101971 -0.247647852 1.006309509
H 3.152401209 -1.123483658 2.019653559
C -2.644803524 0.103995308 -0.742774665
H 1.463841438 1.977469802 -0.249218538
H 1.592986107 -1.086046100 -1.458891034
N -1.678749084 0.754820049 0.124415256
H -2.459128857 -0.984084427 -0.779423654
H -0.025547922 2.795090199 -0.766479671
C 0.556146681 -1.001776814 -1.120089889
H -2.626629591 0.482783109 -1.779975653
O -0.059128936 0.217420489 -1.595122099
H -1.947763801 1.671224236 0.459068835
C 0.380387485 2.063724041 -0.067471460
