19

H 1.190239429 -0.025268130 1.661221504
H 1.133305311 1.659870148 -1.603610992
C 1.698502421 2.128292084 -0.813503563
C -1.744869471 -2.724063396 -1.155233026
H -1.295693994 0.225217506 1.498153329
C -0.624993205 1.047291875 1.233333111
H -0.531020701 1.707887292 2.100633383
N -1.230354548 -1.541916132 -0.850484669
H -1.079201937 1.608889103 0.413431168
H -1.666059613 -0.675374568 -1.144425988
H 2.300553560 2.985746622 -1.066743493
C 0.753921747 0.500410736 0.800364554
H -2.629607439 -2.787670374 -1.762629151
H -1.244144320 -3.599569082 -0.793467999
H 0.253628403 -2.297448158 0.418802768
H 2.338039160 2.015231609 1.189217091
N 0.702060997 -0.418132901 -0.345436215
C -0.008750493 -1.434879541 -0.199629590
C 1.684445024 1.625486493 0.420007348
