23

C 1.966097832 -2.007966518 0.150119096
H 2.269656181 -2.921659946 0.643407643
H -1.846863985 -0.501738191 0.303521872
O -1.629724622 1.516420245 1.540655136
C 0.906289458 -2.108970642 -0.980652511
H 1.377676487 -0.236866385 1.462663054
H -2.683485031 2.753454447 0.171542466
H -1.027530193 1.687698960 -1.552131534
H 0.283146620 2.203593731 0.938810647
C 0.270328254 -0.806749165 -0.434414059
H 0.245197222 -2.964332342 -0.846891105
H -1.649037004 -0.715551198 -1.466346622
N 0.676433504 0.448146015 -1.093060970
C -0.685425699 1.896422505 0.545077503
C -1.836972833 2.749908209 0.854962826
C -0.621918499 1.088937759 -0.732722759
H 1.241451740 -2.066265345 -2.012665987
H 0.327565312 -1.659169793 1.599106908
C 0.975005448 -1.087976575 0.919568002
H 2.849313021 -1.471608877 -0.172563136
H 1.497264266 0.902827799 -0.719694734
H -1.709328055 3.648277283 1.440223336
C -1.195139527 -0.346831769 -0.558515370
