17

C 1.395265102 0.421230763 -0.012699578
H 2.301494837 2.398392200 0.431825817
C -1.817375779 -0.460515797 -0.416394919
H 2.359537125 -0.095249377 0.034659229
C 0.244794056 -0.540507257 0.214577287
C 1.367266536 1.865366340 0.228815854
C -1.091180444 -0.015946740 0.780443490
O 0.739728630 -1.597836494 1.007152438
H 0.464841098 2.319395781 0.625057817
H -0.006933815 -2.153575420 1.286434531
H -0.524598956 -2.105748177 -1.162672877
H -0.254283041 -0.541325152 -2.000339031
O -1.619259715 0.931462228 -0.126383632
O 1.251610756 1.344070673 -1.102836251
C -0.540288448 -1.011098146 -1.057106495
H -1.427631021 0.022498375 1.817251921
H -2.842987061 -0.780614018 -0.547785580
