20

C -0.950776279 1.317642093 1.136197805
C 1.030696511 -0.464477956 -1.501744270
H -0.103422932 -0.878938079 2.602239132
H 3.078739405 0.089056365 -0.671681285
C -0.078200638 0.137034804 0.674876094
H -0.757569611 2.209075451 0.535432458
N -1.449287057 -0.097872935 -1.312201619
H -2.363415003 0.058348861 -2.952556372
H -1.393008828 -1.398169756 1.499398947
H -0.757119715 1.554461360 2.175616026
H 1.084308386 0.001215805 -2.483392715
H -2.011440277 1.070060492 1.026049495
C -0.339471340 -1.102720022 1.558113813
C -0.290174007 -0.180531740 -0.807443976
H 0.274555653 -1.949042439 1.240424037
O -1.462070107 -0.150775418 -2.713103533
H 1.915648699 0.849648833 1.511695266
C 1.417190909 0.426443040 0.654604733
H 1.142865777 -1.544718146 -1.684867978
C 2.011950016 0.054259464 -0.487655669
