21

H -1.083215594 1.231553197 -1.310896397
H 0.750730932 -0.881549656 1.430237770
C -1.287134886 1.394865274 -0.240121156
C 2.355566502 -1.884509802 -0.444749832
H 2.799762011 -2.336318493 -1.335769296
H -1.380398512 -1.344191909 -0.741076887
C 0.282643437 -0.591749787 0.478190720
H -2.208695173 0.863014877 -0.005364634
C 1.336099505 -0.833489001 -0.576218486
H 1.059218168 -0.521238983 -1.587788105
C -1.552365541 2.874758720 -0.050009854
H -1.699866891 -1.329829335 0.996587813
O -2.655078650 3.369215250 0.020639334
H -0.289279193 1.141873479 1.649477720
H -0.643161535 3.517995358 0.030996287
C -0.077364601 0.917444646 0.597344339
H -0.641922534 -2.558561087 0.304256558
O 2.676844120 -0.506306410 -0.236952215
C -0.925095022 -1.503749847 0.246710062
H 2.371465921 -2.514231920 0.450470090
H 0.811248183 1.495005846 0.324036241
