23

H 2.291069031 -0.882203817 -0.561039984
H -0.191449881 0.414079338 2.651578665
C -1.159079432 -0.945227087 -0.483707905
N 0.335592210 1.108744860 -1.035702229
H -1.049222350 1.311863422 1.388937831
H -0.133011654 2.883465528 -0.006224409
C -0.896756291 0.316385299 1.815212846
H 0.639568329 -2.601413250 0.673328042
H 1.384619594 -1.418462396 -1.992230058
H -1.491245031 2.150985718 -0.894491374
C 1.460432172 -0.655288100 -1.219864368
O 2.198113203 1.431971192 -2.446547270
H -2.048817873 -0.355964720 -0.682785928
H -1.205532908 -1.964320064 -0.846602023
H -1.857521892 -0.008917898 2.233014822
C 0.290935040 -1.900276065 1.434061766
C 1.493168473 0.801423967 -1.731684804
H 1.155910850 -1.597871780 2.029008389
C -0.390474617 -0.690187335 0.801965237
H -0.403110445 -2.426720619 2.086342812
C 0.159797564 -0.240766034 -0.521811068
C -0.410138339 2.329029322 -0.910089314
H -0.172845811 2.939671040 -1.780669928
