19

C -0.036600102 -1.191213012 -1.007177830
H -0.346245706 -0.160760269 1.802698493
O 0.453122407 -2.098031759 -1.915530205
C -1.305113912 -1.376054287 -0.157134637
H -0.156802759 0.960256815 -1.692388535
H 1.358908772 -1.375369787 0.704809189
H 1.720086098 -0.022618368 -0.375233829
H -0.718021154 2.218108654 1.479004622
C -0.760698557 0.095528215 -1.455664396
O 1.271763802 1.774073482 1.934328675
N -1.354960561 0.078257352 -0.051575545
O -2.026526213 -2.241472244 0.236805394
H -1.536567092 -0.052065466 -2.204577208
C -0.131183416 0.265068680 0.820774555
H 1.456018090 2.698841810 2.124863863
H 0.628999174 -2.921799183 -1.453022122
C 0.924731195 -0.603752315 0.070618629
H 0.390003473 2.225709677 0.092817783
C 0.169086039 1.727291822 1.045583725
