19

H -1.449837923 2.283032417 0.738622010
N 0.075180650 0.278922379 2.198518038
H 0.400536597 0.903427303 2.900980234
C 0.829480290 0.271767706 -1.163625956
H -1.814299464 -2.060032606 -1.083660603
O -1.126557469 0.238781333 0.157662958
N 1.804852128 -0.344022661 -0.259803236
H 1.440021992 -1.187239766 0.156516284
C -0.144427627 0.910221040 0.917100728
H -0.309077799 -2.208575249 -2.011785746
H -1.193008304 0.158869579 -1.886389017
C -0.754380822 -1.796866775 -1.099617481
H -0.278881729 -2.260241985 -0.235221252
H -0.513737977 -0.480734676 2.338644266
C -0.593421817 -0.271299690 -1.081705213
H 1.815786123 1.733111858 0.294095188
O -0.555212319 2.264990330 1.074154735
C 1.164263964 0.893393219 0.137337491
H 1.202721596 0.672496378 -2.091823578
