19

O 2.260580540 -1.032260656 -1.479336739
C -0.056153603 -0.725708246 -1.006450653
H 0.286909938 2.484251738 1.701818943
H -1.359459281 -2.162575960 -0.079663061
H 1.052275419 1.138019681 -0.659339905
H -1.242908359 1.972046733 2.422186375
H 1.462050200 -1.311528921 0.426069081
H -1.906607747 -0.578846574 1.731433988
C 1.231607318 -1.484505296 -0.646508038
H -0.252409369 -0.911479354 -2.062903643
C -0.688299656 0.884188592 0.665912867
C -1.298476934 -0.294136494 0.873514473
H -1.232394814 2.942526340 0.948149979
N -1.176484585 -1.181991220 -0.192205757
H 1.057613015 -2.571079254 -0.771661401
H -0.504085183 1.389509916 -1.439778566
C 0.015493927 0.786722958 -0.683103383
C -0.726475000 2.123590469 1.471916556
H 3.077224016 -1.466744304 -1.220051408
