22

C -1.251976848 0.627703130 -1.389841676
H 1.101548076 -2.090381622 1.884153247
O -1.641118646 -0.701747358 0.688425660
C 0.102311417 -1.658874393 1.920073509
C -0.302431256 -1.176777124 0.538331389
H 3.767743587 -0.049017686 -0.373369575
H 0.727516711 1.208013415 -1.562228799
C -2.186188936 0.013459417 -0.381239325
C -2.038978815 1.502628207 -0.434407145
H -1.470929742 1.942071795 0.386686206
C 2.912528515 0.618232489 -0.266338199
H -0.625834823 -2.384775400 2.285893917
H 2.677610874 1.028468132 -1.255163074
H -0.319022387 -2.028516769 -0.163501531
H 0.118876070 -0.807802796 2.610943556
N 0.164766297 0.440882802 -1.215304017
H -3.115592480 -0.438956231 -0.719891489
N 1.825206161 -0.025636517 0.436104387
H -2.853171587 2.107061148 -0.823595047
H -1.562008858 0.598354042 -2.437162638
H 3.302454948 1.444839001 0.343760610
C 0.666690588 -0.169228345 -0.072330348
