22

C -2.131394625 -0.019193068 -2.331802607
H 0.416453362 -2.362105370 -0.057610787
H -0.532822728 -2.218662024 -1.541284084
H 3.992433786 0.909295857 3.032033682
H -2.386029243 0.740041852 -3.083029270
C 0.126791775 -1.673351645 -0.857965827
H -1.621701121 -0.949269950 1.456271887
H -1.799232483 -0.903226674 -2.875081778
H 1.027649641 -1.379040837 -1.403312087
C 3.178035021 1.631904006 2.917587519
H -3.045082569 -0.255142361 -1.796442628
C 1.218527794 0.674451172 1.362524152
H -0.151454151 0.808616757 -1.968164086
C 2.125545740 1.129146576 2.108584166
H -1.421047091 1.419946313 -0.903479576
N -1.828706741 -0.748393893 0.490560144
H 2.828414917 1.871247172 3.936828136
H 3.604256868 2.552833080 2.517378569
H -2.307768822 -1.531336308 0.075020917
C -1.050148129 0.526657760 -1.399438262
C 0.350713104 0.218685523 0.593868315
C -0.593433678 -0.443103582 -0.273046672
