14

C 2.439785004 0.023487292 1.968039036
C 0.665429890 -0.176172957 -0.010043408
H 3.395621061 -0.446788877 1.700011611
H 2.072104931 -0.460763454 2.885268688
N -0.946325958 -0.856472850 -3.058607340
N -2.365375042 0.761286020 -0.225520298
H -3.363848209 0.683753014 -0.361426502
O -2.111829996 -0.215027854 -2.283427477
C -0.258118182 -0.279526532 -1.047291636
C 1.477309823 -0.084596291 0.890082002
H 2.648981094 1.074847221 2.205090761
N 0.008987708 -0.836945593 -2.294303417
H -2.075556278 0.716666758 0.741143048
C -1.587166309 0.096254103 -1.109014988
