18

C 0.205444857 0.674520552 0.221222505
H -1.214467764 -0.678835809 1.032261968
C -0.114526972 -3.168265343 0.688322604
O -1.970466137 1.297866344 -0.667516530
C 1.361781836 2.360787868 -0.461514831
H 0.330800772 -0.642583787 1.882535100
C 0.343802273 -1.848720670 0.094133377
O 0.610359669 -4.063759804 1.044139862
H -0.232481837 3.328325987 -1.493411779
H -2.356739044 1.932995319 -1.270021319
H -1.220637560 -3.258736610 0.792949140
C -0.125924617 -0.615815818 0.889989674
N 0.084613517 2.538442135 -0.942625046
C -0.656689107 1.478893280 -0.481555164
N 1.450823307 1.249926329 0.230899900
H -0.073775321 -1.802014828 -0.928295612
H 2.145445108 3.074914694 -0.639950037
H 1.432637691 -1.857940793 0.008435952
