19

H -0.752817333 -1.197762847 0.937255383
C 0.494017512 -0.349584013 -0.603944182
H -2.529372692 0.496683240 1.647839189
H -3.150241852 1.627977371 0.439959049
C -0.816581666 -0.945854306 -0.120449051
H -0.926237762 -1.890095711 -0.664087296
C -2.296970844 0.985966563 0.695556581
H 1.761043906 -1.282258511 0.834480405
H -2.916808844 -0.667439461 -0.549451053
C 2.967593908 0.170127705 -0.254563153
H 3.673470497 0.494150519 0.517232180
O 0.587524652 0.052855793 -1.742802739
H -1.851646066 0.471663773 -1.357023835
H -1.425875425 1.618751764 0.850610495
C -2.027515411 -0.040350836 -0.405718863
C 1.652399898 -0.297220528 0.368504643
H 1.343366981 0.368782073 1.185136557
H 3.431538582 -0.620389163 -0.842884481
H 2.783112526 1.003996491 -0.935649693
