16

H 0.567379177 0.529202878 2.257765293
H 0.631653786 -3.125283718 -0.664966583
N 0.441166788 1.544831634 0.331708640
C 0.083789907 -1.332306743 -0.430194914
H 0.236032724 1.832312465 -1.755567551
H 1.483586669 -1.559606314 1.116155505
C 0.541094422 1.030774474 -1.071945190
H -1.384466648 -0.125234067 -1.576799154
H 1.533471227 0.666648269 -1.338371992
H -1.837501764 1.834911466 1.618798733
C -0.808105826 0.733741283 0.487089127
C 0.384253502 0.290614754 1.217304826
N -0.001775973 -2.435073376 -1.062214017
N 0.745043993 -0.996929228 0.743355632
C -0.592621148 -0.021132136 -0.847835183
O -2.023000956 1.132528305 0.975716710
