23

H 0.314533859 2.238899708 2.753707886
H -1.134762764 -0.649392426 0.558891118
H -0.831528783 -2.409967661 -1.158198237
C -0.724446654 -1.355812073 -1.413076520
O 2.898787260 -0.160668120 0.282522231
H -2.316137314 -1.435345531 -2.891605377
H -1.032920241 1.509232640 1.890823603
H 1.644112110 1.895960093 0.888277054
H 1.961052537 -0.555682898 2.016892433
H 0.083145775 -1.289923668 -2.139426708
H -1.956804037 0.203803167 -2.333901405
C 0.008785819 1.356101871 2.199598789
C -2.035337687 -0.842928648 -2.016835213
H -2.864269733 -0.908343494 -1.304293394
H 2.694988966 -0.600081682 -0.554787040
H 0.745723069 1.001735806 -1.193925738
C 0.919972241 1.097388029 0.978426993
C 1.694082260 -0.238289058 1.018454790
C -0.306194812 -0.600361645 -0.158757567
H 0.023800097 0.516722381 2.887065887
C 0.106839061 0.883141220 -0.322593063
H -0.737480760 1.549697638 -0.419878185
O 0.844059467 -1.205886126 0.432618797
