21

N 0.959052861 1.310298681 -1.696859360
H -2.001168728 1.749106288 -1.529081106
C -0.708080828 0.285004705 1.125538707
C 0.716342509 -0.156800777 1.401741624
H -1.424088717 0.448086917 1.912599325
C -2.176556826 0.888070226 -0.873784721
C 0.839299142 -1.324232340 2.373956203
H -0.337022066 0.211099818 -3.015421152
C 0.366690069 0.212495178 -0.890392661
H -2.565853119 0.077574149 -1.504065394
C -0.913259983 0.480138361 -0.176473647
H 0.234764159 -2.177234173 2.053947449
N 1.240047097 -0.444884390 0.046905041
H 1.314559579 -1.439012289 -0.086222611
C 0.513910830 0.086143002 -2.352970123
H 1.283353925 0.692866027 1.818319678
H 1.877759576 -1.656233668 2.456943274
H -2.945315123 1.153667450 -0.161363080
H 1.253691196 -0.617758095 -2.723051071
H 0.506039143 -1.040312171 3.382289886
H 1.965834498 1.261916518 -1.562556744
