17

H -0.691812932 2.249440193 0.180935219
H 1.966978550 0.466404051 1.093830585
H 0.922584653 1.185211062 2.345213413
C 1.070175886 0.325796574 1.689351201
H 1.222651720 -0.548133135 2.337816715
H -1.040306568 0.030433398 1.380722642
N 0.633019269 -2.150689840 -0.069288529
C -0.376172155 1.279509783 -0.192227781
H -1.410333753 1.313486814 -2.186347246
C -0.140069440 0.126240030 0.764724433
C -0.790756464 0.747750461 -1.497631550
H -0.411574423 -1.269434571 -2.295063734
C -0.847729504 -0.758362830 -1.430845499
C -0.039098237 -1.069930434 -0.190005526
H -1.890581608 -1.097171783 -1.342434525
H 1.285884142 -2.113165617 0.708478749
O 0.537140846 1.282615781 -1.297227979
