19

H -1.962164283 1.869478941 0.334376723
H 0.038547073 -3.007351398 0.576538622
H -0.131761268 2.330789328 -1.373298168
N -1.788114309 -0.206118718 0.130654037
H -2.278676033 1.240167260 -1.274759293
O 0.872952223 -1.350764155 1.595582604
C 0.843242645 1.321413875 0.380363554
C -0.191146076 1.413066626 -0.761134744
H 2.426588297 0.234506845 -0.743633509
C -1.352276325 -1.352771640 0.337382287
H 2.128364086 -1.935641050 -0.007765833
C 1.388231993 0.100471564 -0.383295298
C 0.017319089 -1.913069010 0.575244606
H 1.542548895 2.158329487 0.454285026
O 0.448640674 0.312345624 -1.458633423
C -1.630130768 1.102832675 -0.398207128
H -2.104169369 -2.142045736 0.401872933
H 0.436296880 1.090516448 1.371426821
C 1.295706630 -1.266157269 0.243000060
