15

C 1.429086685 -0.852174163 0.819517493
C -0.949532926 0.537111223 1.094253063
H -2.426332951 0.354969144 -0.775772274
N 0.678903878 -0.129611343 -3.241550684
H 0.179897711 1.771843195 -0.745039403
C -1.449709654 0.240681008 -0.322663605
H 2.101750851 -0.086546496 1.204182744
H 1.930764318 -1.388809562 0.007930034
H -1.460823774 -0.019947117 1.887282252
C 0.148568079 -0.245303035 0.336256862
H 1.214623332 -1.570549011 1.623666167
O -0.905976117 -1.129144192 -0.186982200
H -0.743228376 1.577366233 1.379988194
C -0.080200814 0.715777040 -0.880526900
C 0.332209468 0.224336788 -2.200541735
