19

H 1.581621170 0.382818103 -3.098940134
C 0.129872397 1.190882921 -0.150082931
O 1.462808967 -2.135562420 -2.193650961
H 0.735771239 2.373576164 -1.804731011
H -0.286575109 2.008839130 0.431815922
C 0.486952692 -1.150810957 -0.287638992
H 1.855469584 -1.871251583 -3.030527592
H 0.247347966 0.299067467 2.482470036
C -0.460125953 -0.179091647 1.788680434
H -2.182621241 0.170999587 3.046250582
H 0.352164239 -2.119775534 0.175697699
H -2.595231056 -0.109442100 1.345721841
C 1.144805074 0.269840330 -2.107872486
C 1.039196968 -1.007990122 -1.538066030
N 0.054002110 -0.049217269 0.418020338
H -0.444328517 -1.251232862 2.037892342
C -1.877104640 0.359341800 2.016689539
C 0.682309687 1.373534799 -1.392368555
H -1.926335812 1.445474982 1.860639930
