18

H -0.553249002 -1.875282526 -1.380847812
H 0.888171732 -1.952620268 -0.355981588
H 0.829862118 2.229512930 -1.985959888
H -1.430346489 0.691617072 1.818651199
C -0.756842911 -0.954760909 0.570549309
N 1.592860460 1.904888630 -1.392807603
H -0.898528159 -2.956777096 1.211852908
C -1.133301139 -1.923145413 1.406298280
C 0.049330126 -1.299592495 -0.663191319
H 1.933553934 0.453396052 0.056459986
H -1.673416615 -1.711858869 2.323774576
H 2.287235737 1.500849366 -2.019956827
O 0.193183348 2.513162851 0.943333447
H -1.926146030 0.787225723 0.120755769
C -1.101923585 0.489145815 0.796341300
C 1.094110608 0.850133002 -0.550884902
O 0.526991189 -0.167459086 -1.357928634
C 0.078455083 1.421565652 0.459542334
