17

H -0.385901779 2.654957056 0.157099187
C -0.261840433 -1.594733238 1.172613144
H -1.806707859 2.090632439 -0.747568548
C 0.608188450 -0.021543209 -0.303317189
H 1.870949388 -1.688429475 0.440047085
H 1.500240088 -0.409060031 1.626492262
H -0.497350574 -2.444070339 0.497487694
C 0.774052083 0.515591979 -1.682394743
H -0.303774834 -1.979936123 2.195058107
C -0.609215438 0.477316409 0.151558265
H -2.216466665 -0.384825349 1.381833792
H 0.334554821 -0.136848465 -2.456602812
C -1.221702099 -0.427272320 0.961238980
H 1.828714967 0.704636216 -1.978383183
C 1.108042836 -0.969495773 0.750571012
O 0.045428753 1.767112494 -1.671551347
C -0.767211616 1.845967770 -0.494181812
