25

H 0.568357766 2.214912176 0.341494799
C 0.798963904 0.103967637 -1.657942772
H 2.219003916 1.231304169 -0.405765861
O 0.230731755 -1.420763493 0.195773855
H -1.405636907 -1.603965282 2.341303349
H -0.770093083 2.394436836 1.480273008
H 0.236511096 -1.970290422 2.902146339
C 0.147329926 -0.516955256 1.312049508
H -1.139112353 -1.734040260 -2.218839645
H 0.903346539 -0.629141569 -2.461302280
H -0.532543123 -0.454683185 3.367533207
C -0.723270953 0.469925731 0.492859602
C -1.472257376 -0.966840267 -1.529027224
H -1.069003344 2.463069201 -0.264494628
C -0.300325125 -0.423578769 -0.718313336
H -1.950919867 -0.163019508 -2.104578018
H 2.900785923 0.535849154 -1.849958897
C -0.481506318 1.966396689 0.512064755
C 2.186212301 0.362340182 -1.059514165
H -2.221795797 -1.409403443 -0.866381466
H -1.782451034 0.283628494 0.721072912
H 2.523239136 -0.505923331 -0.488309622
H 0.421239913 1.022386074 -2.142214775
C -0.419819593 -1.172094107 2.557685852
H 1.133013010 -0.077517256 1.542385578
