21

H -2.101708412 0.853566825 -1.404765129
C 1.354507089 0.180605009 0.392402679
C -2.328254461 -1.386480570 -1.168481350
H 1.506564736 -0.897543609 0.502000511
C 2.341621161 0.920502186 1.296607375
H -3.209896803 -1.970474720 -0.889841378
C -0.096966140 0.493061483 0.818722010
C -1.091047287 -1.614198208 -0.271173954
H -2.125947714 -1.519825459 -2.239041090
H 2.392828465 0.158670187 -1.376243472
C -2.277931213 0.076511107 -0.642399549
H 2.238205671 0.632088423 2.345231056
H -0.314269871 1.552920938 0.635295570
H 2.202455521 2.005894184 1.224481106
N 1.497899771 0.481810510 -1.036453247
H -0.199508533 0.319286585 1.893574715
O -0.389707446 -2.549924612 0.005436603
H 1.428147197 1.475346684 -1.192354560
N -1.076237679 -0.291072518 0.111825541
H -3.124663830 0.377408862 -0.006815615
H 3.373909712 0.701845944 1.001992583
