19

C -0.461153597 0.629850626 -1.570210338
O -0.853494346 -2.173849821 0.528069854
O -1.664028287 1.213269114 -2.013839960
C -0.074397191 1.136717558 -0.193487763
H -1.700593591 -1.740415692 0.573553920
C 0.240763664 -0.014535421 0.644218326
H 0.837242723 -0.870864332 2.504638195
H 0.925931692 -1.826715827 -0.332792610
C -0.020298649 -1.281956434 -0.162486061
C 1.175855041 -0.084973849 1.823492527
H 2.173628092 -0.398073167 1.460896969
H -0.854296327 -1.377011299 -2.111211777
H 0.337574184 2.119664192 -0.073165528
O 1.239464879 1.093756795 2.580281496
H 1.687808037 1.764185905 2.073237419
H -1.760501266 1.002475739 -2.948326349
N -0.604631066 -0.769775093 -1.358222723
H 0.353669107 0.875858188 -2.267527580
O -0.978542864 0.702392936 0.842882335
