21

H -0.995403826 1.377380371 1.611622810
H -0.706960022 -0.625388086 -2.997522831
H 0.154613733 2.718699932 1.683528423
C -0.622909307 0.549924731 -1.134184122
H 1.406477690 -0.809703946 1.803940058
C -0.094557807 -0.563402057 -2.095137596
H 1.962863445 -0.839255810 0.126714334
H -0.467292845 -2.073199272 1.046555400
C 1.123365045 -0.556032002 0.780100942
C -1.275909305 -0.533800781 -0.257905036
H -0.875870585 -2.611875772 -1.318964243
C 0.939270258 0.975294530 0.679663241
H -1.336763620 1.242359638 -1.590762258
C -0.143524468 -1.297021508 0.368627697
C 0.055758651 1.623036981 1.749841213
H 1.933924675 1.419460058 0.722596169
H 0.367189735 1.312247396 2.750099659
O 0.436743975 1.325281978 -0.615685880
H 0.959066451 -0.503857732 -2.375559092
C -0.535234630 -1.610015392 -1.069885373
H -2.284847498 -0.520133436 0.132317707
