19

H -1.874560952 1.392237186 1.903106213
O 1.775010824 -0.442379028 0.991810620
H 0.101563916 2.722060919 -0.034294583
N 0.503593385 -1.432167649 -0.804799438
N -0.562022686 -1.110558271 -1.600928664
C -1.583397269 2.169138908 1.196644425
C -0.192636371 1.880870938 0.608138561
H 1.837895870 -2.895568132 -0.147148386
C 0.788602293 -0.446846783 0.073839687
H 0.550211668 1.851256728 1.420624733
H -1.594353914 3.129919052 1.716802835
C -0.116330691 0.588388979 -0.130575433
H -2.342209816 2.211615086 0.417957544
H 1.622808814 -2.814832687 -1.909558058
H -1.767832041 0.594638407 -1.637977600
H 0.354136139 -3.521021605 -0.888148189
H 2.307429552 -1.243005037 0.955348790
C -0.919958949 0.101107150 -1.175207019
C 1.112050653 -2.734853268 -0.955636024
