17

C -0.810429096 0.870169640 -1.922462940
C 1.097582340 -1.323968887 1.576878190
C 0.274669290 -0.223720461 0.210983306
H -1.146250844 -0.993915617 1.806783438
C -0.372891009 -1.307889223 1.114386201
H 2.342105150 0.371738553 2.232100964
H 1.582600951 -2.157160759 2.064675331
O 0.645793974 0.831470311 1.106550097
C -1.426959395 1.498697400 -3.076982498
H -2.279338837 0.914150357 -3.440368891
H -0.653770387 -2.189966202 0.551697195
H -1.791612864 2.496753693 -2.822227240
C -0.290783048 0.350267678 -0.975228071
O 1.472401619 -1.074856520 0.182552010
C 1.285599709 0.091144353 2.162414551
H -0.709854841 1.596550345 -3.884193182
H 0.781137645 0.250535220 3.112441540
