17

H -0.270311147 1.121307969 1.609233141
C 1.028759718 1.047332406 -0.174882650
H 2.954991341 0.015584809 0.200394660
C -0.338693112 1.138876438 0.511875689
C -0.254071951 -0.858620644 -0.927884698
H 1.548558116 -0.694278240 1.143026948
C 1.089416385 -0.212610155 -1.010999799
H 1.662155867 -0.326720119 -1.924239397
H -0.883758783 2.053818941 0.241489559
C -2.098735332 -0.835940242 0.839454293
H -2.749555349 -1.502228618 0.230081379
C -1.098428607 -0.093876496 0.015091429
C 1.871842027 -0.101198375 0.277804494
H -0.412785083 -1.924515247 -1.148584843
H 1.502950072 1.966840386 -0.530926108
O -1.364246130 -0.050526403 -1.390070438
O -2.188087463 -0.743246734 2.039135933
