15

H -0.391472101 0.686901271 -2.296214104
N -0.515463054 -2.465636492 -2.940268755
H -0.311122537 0.032749105 2.451276541
H -1.290493965 1.621719599 0.788003385
C -0.529654801 -1.426954269 -2.401829243
C -0.538403213 -0.224710107 -1.735090375
H 1.506816506 -0.109239958 2.442810297
N -0.586111009 1.317966342 0.118855797
C 0.716168582 1.070802450 0.744956970
C -0.691182911 -0.122655883 -0.276095927
C 0.660290360 -0.414511383 0.444914937
H 1.528662562 1.773099780 0.623762965
H 1.392460942 -1.116561890 0.089008741
H -1.551276922 -0.698200166 0.073646300
C 0.600781441 0.075231612 1.872262716
