15

H 3.280681610 1.278606176 1.442537427
H 1.823394656 -0.405097395 1.062056661
H -0.290933460 -1.299710870 1.555341721
C -1.773049235 0.433027804 -0.340112656
C -0.417578340 -0.161188826 -0.157534868
H -0.619087577 0.469682246 -2.266302109
N 2.483994484 1.592930555 0.893430829
H -1.861107945 1.515522122 -0.307952166
H -1.370963931 -1.157728076 -1.883149028
N -0.328533590 -1.402115822 0.547284901
H -2.608088255 -0.126069143 0.088282675
C 1.692706823 0.622081399 0.693289459
H 0.433173925 -1.987291217 0.220007852
O 0.594025373 0.823181212 -0.032083828
C -1.038634658 -0.195829749 -1.515097141
