17

H -1.829334378 0.367401361 0.763613582
H -0.028720580 -0.510129690 2.156930208
C -0.454769433 -0.767676473 -1.658672214
H -1.030231118 1.296328545 -1.718126774
H -0.671416521 -0.930608034 -2.705543041
C -0.508346081 2.011304379 0.839616060
C 1.582132816 -0.482432455 0.612287223
H 1.854024053 0.109325111 -0.245211139
H 2.378098249 -0.702810287 1.304277539
O -1.299556017 2.753293991 1.355842471
H 0.168931141 -2.796078444 -1.250950575
C 0.096871205 -1.778445840 -0.903499663
N 0.615092576 -1.576270700 0.387494951
H 0.529088914 2.333656788 0.638122916
C -0.762737572 0.452985018 -1.083574176
C -0.812060475 0.584943712 0.408715785
C 0.172933206 -0.364786893 1.098676920
