15

H 0.378451765 0.889771402 -2.393373251
C -0.168177634 0.351572692 -0.281709194
O 1.243856668 -0.092272803 -0.390193790
H 2.339304686 1.813282728 -0.587008238
H -0.463653564 2.270158768 -1.530375838
O -1.128868699 -0.565078199 -0.028111009
C 0.283955932 1.489246011 0.672687650
C 1.349227548 1.384540677 -0.458730996
H -1.528624773 -3.133541346 1.626071692
H -0.118745327 -2.360303164 -0.108497180
C -0.626754701 -1.728480458 0.649446785
C 0.126844943 1.353613615 -1.436461329
O -1.774926305 -2.303324699 1.207149148
H 0.125993028 -1.482202053 1.414002180
O -0.037883576 2.113016844 1.645103097
