16

C -0.678608537 0.055724911 1.199489594
H 0.074523844 1.686282635 0.087735541
O 1.555006385 0.377039462 0.689913988
C -1.482706785 1.071679831 2.005751133
H 2.204804659 0.815084279 0.125783846
C 0.035182618 -0.050167840 -1.233413339
H 0.206659779 -2.135652065 -0.668447852
H -1.043393254 -0.088266745 -1.409974694
O -1.411137938 2.259289503 1.852163196
C 0.634799421 -1.444552779 -1.388619781
H -2.134063005 0.583835363 2.758004904
O -0.820405245 -1.116894126 1.447984338
H 0.434738666 0.629150212 -1.984376788
C 0.266902804 0.610046923 0.141422659
H 0.444045722 -1.831678748 -2.384221315
H 1.713650942 -1.420920730 -1.239195108
