16

C 0.939745486 -0.616591215 1.187251687
C -0.649819732 -1.254006505 -0.507788241
O 0.429455966 -1.610162258 0.296089798
H -1.187083840 0.395695567 -1.884233117
O -2.309216261 1.102134109 0.875838220
C 1.393076062 0.648001909 0.453635544
C -1.761898041 0.299424350 0.204527467
H 1.799538374 -1.064770818 1.688425541
C -0.705394864 0.244165421 -0.911798537
H -0.782517672 -2.026643991 -1.253837705
H 1.220492601 0.853666723 -1.662924051
O 2.328022480 1.296977282 0.841144085
H 0.389946491 2.114775658 -0.760085106
C 0.584576309 1.036518693 -0.784293354
O -1.891092777 -1.078791857 0.274425656
H 0.202169970 -0.340393752 1.943621993
