14

H 1.219092011 -0.504733443 -1.844933391
C -0.578363776 1.596712947 1.843323946
C 0.183908641 -0.052681055 -0.041451145
N 1.157430649 0.586305201 0.591338456
H -0.925117850 2.276145220 2.618235350
H 1.166273952 -1.837391376 -0.713697731
C 0.779690266 1.405131221 1.557871819
O -0.365245342 -2.569108963 -2.677795887
C 0.566165805 -1.009136319 -1.124225855
C -0.568494499 -1.645589232 -1.935899734
H -1.575066328 -1.193741560 -1.799403787
N -1.126748681 0.104707710 0.235056058
N -1.505322456 0.930466592 1.171180964
H 1.571797609 1.912912726 2.120401382
