17

H -0.739888668 -3.047400713 0.270566553
O -1.067068219 1.148337364 -0.309710979
H -0.087573595 1.076037645 -2.189624786
H 1.451766491 -0.297204256 1.442860246
H -1.591300249 -1.552663445 0.916450500
C -0.966067493 -1.987353325 0.140334263
H -1.899977207 -0.804744005 -1.227253437
C 0.046164170 1.388588905 -1.148881435
C 0.110161126 0.337469697 -0.133465827
C -0.001393340 -1.102653503 -0.567189276
C 0.770269990 0.539656401 1.240310431
H 0.933411658 -1.526304603 -0.933926404
N -1.210850477 -1.564590335 -1.251649380
H 0.558928430 2.348252296 -1.004737735
C 1.538117886 1.777039886 1.342962503
H -0.001198882 0.524935722 2.013572454
N 2.156498194 2.742597103 1.399381638
