16

C -0.976990283 -0.134662047 -0.411294937
H -1.708791494 -0.936176956 -0.546864331
H 1.112434030 1.226569891 0.747821510
C 0.299829721 -0.700113118 0.269553393
H -0.027436076 -1.449450970 1.020339608
C 2.347929478 -0.408453017 0.068975620
H 1.220232964 -1.059212685 -1.593738675
N 1.280646205 0.230453983 0.851275861
H 2.929368019 0.237403601 -0.606436968
N -4.273067951 1.106439948 0.031458471
C -1.649489284 0.999951005 0.332431346
H 3.054813147 -0.980675042 0.696952760
H -0.744331121 0.244085550 -1.411627531
O -1.098515034 1.864402890 0.979646623
N 1.357672215 -1.296090245 -0.604588211
C -3.124304771 1.055527210 0.176095426
