15

H -0.743902445 -1.963630080 2.529519796
C -1.292467475 -1.191890121 1.980059624
H 1.941447020 0.966107368 -2.067883968
H -2.032965660 -1.681718111 1.355258703
C 0.585906088 0.507057190 1.522465825
N -0.417899430 -0.394679636 -0.239407107
H 0.482309043 1.941676736 -2.180309534
H -1.817003965 -0.576775312 2.723745584
C -0.382041037 -0.366622269 1.143429399
H 1.007701278 0.834770799 2.449912071
N -0.071358316 -0.601806700 -3.929237604
C 0.844725549 0.918643475 -2.002633572
C 0.459833354 0.482243001 -0.618417740
C 0.320153534 0.055274360 -3.056392431
O 1.115562201 1.071349263 0.389891654
