17

H 0.466775060 2.887653112 -0.046126850
C -1.047290087 -0.123153999 0.907299697
H -1.187879682 1.967838764 1.490688205
C 0.735333860 1.046815157 -1.134574771
H 0.606583953 1.389315367 -2.163481951
C 1.184552789 -1.139178395 -0.051085990
C -1.508077860 -0.839715421 -0.307795286
H -1.707510710 -0.301434517 1.754352450
H 1.907569647 -1.943256259 0.015776627
H 0.075872555 -1.932374358 1.625592351
O -1.035120368 -2.105067253 -0.177551121
C 1.522202492 -0.073635347 -0.857952178
C -0.661835134 1.299680591 0.816398144
C -0.063536391 -1.364686370 0.706940234
C 0.201302007 1.823741436 -0.092445314
H -2.001957178 -0.501090646 -1.188838363
H 2.513015270 -0.091451764 -1.297195554
