18

O 2.111722469 0.365958154 0.174242169
H 1.184648156 -2.023707390 -1.533209443
C 0.441432148 -2.071079016 -0.731167674
H -1.564926982 0.909714997 2.083736420
H 0.488857001 -0.384931892 1.819821954
N 2.254891396 -0.504530728 0.080563515
C -0.500310004 -0.894914567 -0.820015192
H -0.119627908 -2.998774052 -0.888965666
C 0.205719322 0.590443015 1.393278003
C -1.001143098 2.600332022 -1.288772345
H 1.079392076 1.276127577 1.375001669
O -0.691507101 1.272298217 2.235570669
C -0.450838894 0.357078612 0.011964167
O -1.482503533 -0.658164680 0.169610739
C -0.770692170 1.574933887 -0.696576178
H 0.928612053 -2.158873081 0.238240942
H -1.204334855 3.493077993 -1.810858250
H -0.909390509 -0.744988978 -1.812465072
