19

O 1.901565313 -0.822663248 -0.831614733
C 0.771808922 -0.270045698 1.363764048
H 1.726004601 0.146049470 1.705069661
C -0.517620862 0.006885020 -0.380805969
H 2.252988815 -1.722384930 -0.845518351
H -0.159890041 2.631733656 -0.017148962
C -0.278127789 0.822997689 0.941139579
C -0.711320400 0.657524645 -1.708664179
H -1.882149220 -1.651688337 -1.063713908
N 0.276468933 2.146636486 0.763018548
H 0.402674615 -1.001621246 2.093679905
H -0.052955355 0.264797866 -2.504827976
O -1.538065314 1.501630664 -1.936078429
H -1.813899636 -1.435219169 0.712486327
O 0.003238682 -2.074954033 -0.176305443
H 1.276040673 2.099837780 0.590291321
C -1.252640486 -1.337950587 -0.222742960
C 0.752898991 -0.854872882 -0.067334779
H -1.157020211 0.893306792 1.585305929
