18

H 1.503734469 0.837729037 0.810120821
H -2.335952044 -0.703000426 1.539699078
C 0.504382253 1.034613132 0.386655658
C -1.801322103 0.032528445 0.951307118
C -0.385697931 -0.195542932 0.565484405
H 0.442828298 -0.237158984 -2.107878923
O 0.642140627 1.487726688 -0.947243571
H 0.090633973 1.890938520 0.937036455
N -1.483496666 -0.374710679 -0.409856468
H 2.073174953 0.037135158 -1.450671434
C 1.169095755 0.538778722 -1.847956300
H 0.708884597 -1.393157482 1.994755745
H 1.124915004 -1.730272651 0.308754325
H -0.403932512 -2.307650089 0.957143724
H -2.129981279 1.061505318 1.129810810
H 1.443295717 1.081094503 -2.752181292
H -1.468224287 0.416732341 -1.050153852
C 0.305521458 -1.477288723 0.985173881
