19

O -2.337282181 -1.602715731 -0.816227019
C 1.691565275 -1.314235568 1.091315269
O 1.383924723 -0.323830664 2.056242228
C -0.640320420 1.648958325 -0.985574603
H -1.057592988 -0.672872424 1.528901458
H -2.379542112 0.894820809 0.076488718
C -1.385270238 0.625184119 -0.257979840
C 0.884852588 -0.127330214 0.709547937
H 2.734029055 -1.371500492 0.782904565
C 0.722885489 1.759231687 -0.876788795
H 1.235079169 2.516618013 -1.477335095
H 1.196457386 -2.268184423 1.228611112
H -0.478506356 -1.058249831 -1.479150772
C -1.190833926 -0.840802491 -0.681227267
C 1.470114827 0.958996892 -0.024859637
H -1.195167303 2.297165632 -1.650035620
H 2.515146732 1.180425644 0.141739622
H -2.569766045 -1.970693827 0.030441804
C -0.599773943 -0.330985337 0.602985680
