19

C 0.179138482 0.176121235 1.194503427
C 0.807795823 1.551725149 1.389955878
H 1.968587399 0.535753012 -0.995955348
H 1.250237823 2.650300503 2.944735765
O 0.859871686 1.778151035 2.796365738
C 1.056370735 0.016204642 -1.291126132
H 0.219836414 2.316473722 0.880040526
H 1.825257182 1.592463374 0.961030483
C -1.743403435 -1.536993384 -1.652638078
H 1.158852816 -0.648791850 -2.130962133
O -0.692623377 -2.426955223 0.329964012
O -0.149256453 0.775724769 -1.250873446
H 0.765520096 -0.595307708 1.710182786
H -2.528247833 -0.795529127 -1.515807152
H -2.184633255 -2.530593157 -1.732989550
C 0.032157827 -0.259773582 -0.258470446
H -1.223491907 -1.262196660 -2.581295013
C -0.797097027 -1.511491060 -0.462589025
H -0.804872096 0.174714953 1.665928006
