19

H 2.441275835 1.973250151 -0.387433559
O 0.934464455 -1.913415670 0.189614624
N -1.636242509 -0.987397492 0.440559626
C -1.326120257 0.123121671 1.371377468
C 1.691180944 0.047067050 -0.832387388
C 0.384992540 1.786496282 0.180615306
H -1.335948586 -1.884703994 0.798012674
H -1.688603282 1.577613950 -0.173944950
C -0.840343356 0.982818067 0.166170448
H -0.515484393 -0.094273724 2.075959206
H -2.187403202 0.489446998 1.928283691
H 0.342009515 2.793258667 0.566352069
H 0.597319126 -1.485859394 -1.805084109
C 0.602083087 -0.967490792 -0.842232645
H 0.466117412 -2.718300819 0.001083760
C 1.579055786 1.319167376 -0.345764101
H 2.657358646 -0.318977505 -1.139505506
C -0.810059249 -0.369914204 -0.625758111
H -1.355652213 -0.351906151 -1.565918207
