19

H 0.548859537 -1.427839756 3.246170044
C 0.972430646 0.486178130 -1.018948913
H -2.027766466 2.100280523 -2.094387293
N 0.811698735 -0.396952361 1.302452207
H 0.353664160 -2.440222263 1.742229342
C -0.600496769 -0.368379176 1.689796329
H 0.409246266 -1.540918827 -0.455553234
H -0.337734461 0.378696352 -2.813659191
C -1.347348571 1.671114326 -1.359251022
C 0.328502625 -1.439631343 2.180857897
H -1.133547187 2.299176693 -0.491898537
C -0.340330392 0.665508449 -1.768328428
H -0.875340760 0.473598838 2.326095819
H 2.106112719 -1.135922790 -0.129381537
H -1.368106723 -0.691280007 0.993204534
C 1.080229044 -0.743861377 -0.090249680
H 1.774555326 0.441692561 -1.773214817
H 1.180236816 1.383194923 -0.414375871
O -1.534864306 0.285567343 -1.071558714
