18

C -0.229475617 2.253077030 -1.204807401
H -0.724317074 3.209811211 -0.985007644
N 1.086271644 -0.503703356 0.773954809
C 0.805306733 1.889695644 -0.099236257
H 0.654578984 2.466646194 0.819070101
H 1.427462459 -3.290492535 0.758247077
H 1.832732081 2.010885477 -0.430109054
C -0.958607793 -1.155325055 -0.022068029
H 0.258377820 2.342849255 -2.176932096
H -2.168315887 1.408784628 -1.086978316
H -0.270882785 -3.547946930 1.151332736
C -0.718516648 0.139691219 -0.418317765
N 0.467252165 0.497795761 0.120864853
H 0.822371423 -2.760317802 2.311443567
N -1.211429596 1.144186139 -1.249121308
H -1.852376103 -1.739653707 -0.180848241
C 0.216974527 -1.516950965 0.663415015
C 0.562593520 -2.849032402 1.255097985
