21

H -1.113032103 -2.067667961 -1.699151874
H 1.990395308 0.427385837 1.795935392
C 0.780648232 1.965610504 0.618663430
H 1.120251775 -2.200632811 -0.172528014
H 0.218664989 0.283226550 1.932252765
N -1.287920117 1.109409094 -0.520483792
C -0.727580726 -1.806710362 0.684715688
H 0.111541435 2.645388365 1.145779610
C 1.040161252 0.576157689 1.279990911
H -2.317050219 -2.419737816 2.181192636
C 0.902700722 -0.071773015 -0.132626235
C -1.575608850 -2.135129452 1.472288966
H 0.493409753 1.626332998 -1.598452806
H -1.722804427 2.021556377 -0.562874675
H -1.677363396 0.516602337 -1.240166903
H -0.139086470 -0.883771122 -2.266002655
H 1.880145788 -0.085951500 -0.627310634
N -0.152363837 -1.727954388 -1.701411366
C 0.305454969 -1.482903361 -0.332425505
C 0.165672392 1.231853247 -0.621662199
H 1.703764081 2.478708506 0.364276886
