19

C -0.501195788 -0.290214032 1.831598878
C -0.274633646 -1.692154646 -0.333539754
H -0.299350888 -2.757807732 -0.566744208
O 1.473549962 0.116649672 -0.727855384
H 0.407297790 1.564362168 2.291656971
H 1.743315578 2.075525999 -0.465885162
H -1.186597943 1.271629333 -0.269994706
H -0.910804510 -1.359189749 -2.283231735
H -0.405233711 2.738998652 0.307542175
C -0.083894223 0.986605048 1.517773390
H -0.727436960 -0.449471563 2.883044243
C -0.697120845 -1.389722347 1.019428611
C -0.284565717 1.652992606 0.210910499
H 0.581347167 1.675914407 -1.758625388
H 1.390797853 -1.598361373 -1.764660716
C 0.909310937 1.429875731 -0.736989379
H -1.231396198 -2.213529110 1.487900615
N -0.649967849 -0.798285663 -1.474091291
C 0.746578574 -0.963816762 -1.168237448
