17

H -2.764926672 -0.797964513 -0.299665838
H 0.134383187 1.250028372 -1.162489891
H 0.535735548 0.739737511 2.386944771
C 3.116669893 0.573703468 -0.202474087
C -1.879773974 -0.972233057 -0.904774249
C 1.961760998 0.855474114 -0.189375699
C 0.546205223 1.211661577 -0.146600485
H -0.754307747 -1.837594509 0.721353173
H -2.039460421 -1.909433246 -1.451283455
C -0.627303123 -1.062090516 -0.034272905
H -1.262334824 0.749774516 0.909425616
H 4.151914597 0.313384980 -0.230502814
C -0.313024968 0.247662291 0.706445754
H 0.238421768 -1.341450453 -0.643519580
H -1.816812634 -0.167935655 -1.638899326
O 0.324049950 -0.080800354 1.922471285
H 0.448803127 2.228075743 0.257217467
