17

H -2.288109541 0.520011544 0.712754428
C -1.534963608 0.833905697 -0.009413677
H 1.801766515 -1.884466171 -1.346162438
H 3.162875891 -1.449371099 0.723658860
O -0.637988150 -0.668060005 -1.682260871
C 0.232801363 -0.525377810 -0.651021123
C 2.219109535 -0.960455954 0.525283873
C 0.642997503 0.584095478 1.516177177
H -1.803868294 0.944889069 -2.198928595
C 1.469120383 -1.207636952 -0.574647665
H -1.581923723 1.927885890 -0.063580275
C -1.760707498 0.194388121 -1.410142899
C -0.173866957 0.324988216 0.329235286
O 1.934119701 -0.084722757 1.477044940
H 0.137268379 0.221839473 2.435411215
H 0.852396071 1.638180852 1.674682140
H -2.671027660 -0.410093486 -1.458090544
