18

C 0.007955682 0.480037391 0.797621310
C -0.898893118 0.985312521 -0.362148851
H -1.084146976 1.278573990 2.474524975
H -0.620485127 0.583172619 -2.444789886
H 1.590835929 -1.017666340 0.681541443
H 0.676162362 -2.703554869 -1.274814963
C 0.207738623 -0.597536862 -0.979909658
C 1.216060638 -0.163701415 0.112730570
H 0.331853896 0.314150095 2.916818380
C 0.371365696 -1.788670301 -1.837738395
C -0.964215755 -0.444333941 0.092912801
C -0.055732179 1.030531287 2.192361116
H -1.744162321 -1.102189779 0.417355776
H 2.046687841 0.473536402 -0.208679900
N -0.147678137 0.751850307 -1.588312387
H 0.540478528 1.945820451 2.279167175
H -1.629530311 1.770718932 -0.240952626
O 0.155704781 -1.796050549 -3.027687550
