19

H -0.866838634 3.003273487 -2.095122814
C -0.367762029 -2.508342266 1.257774115
H 0.474709749 -3.135770082 0.961857080
C 0.428136081 -0.590389431 -0.212867022
C -0.485932022 1.946228743 -0.116329096
H -0.868889987 -0.428121179 1.507534981
H -0.669458866 -2.804582596 2.266053915
H 1.356076956 -1.111904979 -0.493592590
H -1.465208650 1.493705630 0.107320435
H -1.199532747 -2.750084877 0.579006195
C 0.565876961 1.392075300 -1.849077821
C -0.002534212 -1.032233715 1.194011569
H -0.322830617 -0.915795386 -0.947568715
N -0.339854658 2.365985632 -1.514923096
O 1.001148820 1.019184232 -2.909633398
H 1.578176975 1.219735742 0.124317966
H -0.265610129 2.731651068 0.605041921
C 0.652620018 0.909192026 -0.374756455
H 0.797706664 -0.803807914 1.910953164
