18

O 1.216203451 -0.297035128 -1.086135387
H 0.824551642 -0.341669947 -3.712892771
H 0.773938358 -0.277728379 3.723595858
H 0.883436859 -1.956467986 -3.015471458
H -2.110856295 0.196091965 1.587912917
N 1.238616347 0.182056665 0.165831298
C -0.005973890 -0.487734854 -1.753283739
O -2.364296675 0.108564153 0.643658638
N -0.131728321 0.539277136 2.023426533
C 0.940799654 0.527228773 2.985599279
C -1.246725798 0.527002871 -0.066480450
C 0.036166634 0.403253376 0.766484022
C 0.253868818 -1.058155537 -3.107348442
H -1.337694168 1.602324009 -0.306377530
H -0.681320727 -1.296247005 -3.598375559
N -1.158867240 -0.233223289 -1.307207346
H 0.940845072 1.479677320 3.544113874
H 1.929036856 0.382785857 2.512950420
