19

H -1.309607506 -1.934875727 -1.517870545
C 1.182951689 0.621016264 -0.094127275
C -1.207069755 -1.949122071 1.283969402
C 0.756900430 -0.522664666 0.757619381
O -0.751223147 1.556005120 1.053031802
H -1.950066090 -2.571412086 0.793519080
N 0.557402611 2.997705221 -0.141806915
C 0.208774686 1.752770305 0.321793079
C 0.256995648 -0.501511455 -1.912919402
H -1.716233253 -1.180032849 1.871092200
H -0.085181125 3.736176491 0.093926862
H 0.145717546 -0.614885151 -2.998078585
C -0.300163805 -1.262591243 0.292870790
H 0.932222188 3.049303055 -1.072408557
C -0.534170687 -1.317144990 -1.079189897
H 1.132114530 -0.623286605 1.756581664
H -0.639477968 -2.570983648 1.976492643
N 1.116824746 0.384445429 -1.524698138
H 2.203289270 0.951088190 0.140202612
