17

H -0.652427256 2.096361876 2.230196238
H -1.866193414 -0.707812428 0.793629408
C 0.317998648 -0.150543377 -1.660845757
H -1.319849133 -1.608836055 -1.948716879
C 1.133913159 -0.436519891 0.884959638
N -0.628149211 1.180005193 0.316449106
O 0.788616240 -1.418799877 -2.130419493
H 0.972176015 2.141600609 1.467742205
C -0.546374440 -1.026199102 -2.445932627
C -0.935007870 -0.141366541 0.830730557
H -0.733508050 -0.788260818 -3.497801542
C 0.067332655 1.553491354 1.609463692
H 0.749482274 0.716916263 -2.158314466
H 0.186022460 -0.329665989 2.991722345
C 0.183396250 -0.020867743 -0.192393571
O 2.111386776 -1.132085323 0.924768567
C 0.171184331 0.072582625 1.984763026
