21

H 1.490669847 -1.461104870 -1.540493011
C 0.146397188 1.302729130 0.192535594
N -0.824477136 -0.708519518 2.891569614
C -0.550340772 1.957902789 -0.977892160
H 0.718265951 2.087984800 0.733382583
C -0.295729637 -0.253186524 1.846378088
C 0.731621921 -1.170614362 -0.798660338
O -0.826146841 0.777468920 1.127255201
H -0.794404209 -0.883049846 -2.322453737
H 2.108779430 0.479653567 -0.312831104
H -1.149513721 2.797684431 -0.629358709
H 0.179891288 2.334430218 -1.688019514
C -0.651296139 -1.419129610 -1.385749578
O 0.907584727 -1.929571629 0.418781370
H -1.427435875 -1.128667235 -0.680639744
H -1.680066347 -0.195625752 3.113600492
H -1.214996696 1.262765288 -1.489805698
H -0.764016867 -2.492505789 -1.582863808
C 1.105417609 0.140116021 -0.060815755
C 0.993327975 -0.722789645 1.203797102
H 1.796468377 -0.775969982 1.942282915
