20

C 2.077896595 0.655380011 0.036045410
H -1.893302798 -2.715856552 -0.342392951
H 2.372181892 2.575849295 -0.000527552
H -2.458627462 -1.585514665 -1.565611005
C -1.627845287 -0.628326595 0.199249357
H -2.156850100 0.317853779 0.057770412
O 2.660258055 -0.442165375 0.678327978
H -3.408778429 -1.848281860 -0.101344667
C -0.194422811 -0.495092154 -0.300264716
N -0.342300177 2.977654457 -0.595107853
H -0.187533960 -0.393152058 -1.388831854
H 0.432910532 0.671992600 1.423739552
O 2.732372046 1.820154428 0.472843736
H 0.386316150 -1.388644934 -0.064792514
C -2.393083572 -1.758285403 -0.492897987
C 0.541407764 0.697468638 0.328173965
H 2.849564075 -0.130668715 1.574542165
H -1.620156288 -0.804833233 1.282526851
C 0.019097012 1.967163324 -0.160716966
H 2.210896254 0.507305026 -1.040731430
