19

H -1.970606208 -0.704459190 -1.715948105
C 1.685027480 -1.883237600 2.242061377
C 0.632556915 0.380719304 1.371500134
C -0.944321215 0.621408463 -0.184842721
O 1.489482522 1.560693622 -0.778628528
H 0.311900735 -0.312388688 -3.172632456
H -1.356111884 -0.670409381 1.595904112
H -0.560466468 -1.398977041 -0.871501625
H 1.017112970 1.244342208 1.901461482
N 1.175799251 0.276902765 -1.359646320
C 1.241938829 -0.846112609 1.832955956
H 2.077726126 -2.810068130 2.596289635
H -0.492758691 1.171948075 -2.593160152
C 0.587627411 0.730374575 -0.145733014
H -1.420994043 1.074195862 1.965615869
H -1.513207197 1.510691285 -0.465159416
C -0.006222797 0.220482275 -2.270731449
C -0.954206169 0.317187637 1.327949643
C -1.000277758 -0.483293712 -1.275754213
