19

H -2.532354355 -1.015558362 -0.802993476
O -2.526785851 -0.764501333 1.197948337
C -0.987764120 0.418202817 -0.292014003
O 1.986361980 -1.443875909 0.156366244
C 1.303303003 -0.283641398 0.073408283
H -1.898689389 -0.757228851 1.916744113
H 1.045074224 -0.983960390 -2.357739687
N -0.511144459 1.073687315 0.964943528
C 1.451894045 1.041793108 -0.415379286
O 0.346692652 -0.345002770 -2.272408485
H -1.134837508 -1.719017386 0.010108720
H -0.716997862 2.062106609 0.979622602
C -1.800358534 -0.847303152 -0.007135076
H 2.147661448 1.685919404 -0.895114303
H 2.738888025 -1.328668952 0.734793842
C 0.902058482 0.866233826 0.987117350
C 0.326680422 0.120805986 -0.988638997
H -1.599063993 1.109657288 -0.875376403
H 1.459382057 1.110351920 1.885746002
