16

H 1.618127465 -0.098088965 2.693231821
N 1.260119081 -0.380828261 0.620883346
H -2.777160168 -0.194698602 1.379056931
H 0.590670943 -1.437000871 -1.918254018
C 0.127645910 -0.071168542 -0.210766718
H -0.420881301 2.029648542 -0.764117301
O 0.030454582 0.572042227 -2.231017590
H 1.328727841 1.664497495 -0.965688586
N -2.217687845 -0.260407060 0.536092937
C -0.992306352 -0.108369343 0.830973268
C -0.154380605 -0.700249076 -1.586657763
N -0.393339753 0.030190244 2.081420183
C 0.889977753 -0.134820864 1.890295506
H 1.958860517 -1.069956660 0.364731818
C 0.309834659 1.259701610 -1.004619598
H -1.158662558 -1.100491881 -1.715564728
