15

C -0.636481822 0.746480525 0.102393836
H 3.078487396 -0.572893918 0.007513786
O -0.470140815 -2.631805897 0.193636745
C 2.043951511 -0.272324175 -0.012787068
H 0.163552478 1.719966054 -1.730830908
C 0.036870155 -1.645651102 0.601847768
H -1.957135916 -0.660825729 -0.697033226
H -2.390534401 0.979431689 -1.002412558
N -1.868102074 0.306544155 -0.479240894
C 0.434409708 1.074361920 -0.906125963
N 1.688958526 0.667236686 -0.854874253
H -0.353247285 -0.141132668 2.152487755
H -0.834127545 1.661772013 0.672885835
N 1.202280521 -0.944760323 0.845889270
C -0.138740391 -0.286398619 1.106649995
