20

H 1.509856939 -0.502413034 1.630971909
H -1.439763188 -1.894533634 0.010500720
H -0.016388079 2.854395628 -0.027186828
H -1.416208506 -0.725411534 -2.236008167
C 0.165078416 1.891456008 0.440668851
H -1.738640189 0.728637457 -0.085786626
C -0.605685115 1.451970935 1.683222532
H -1.413156509 2.111815453 1.991513968
C -0.765249908 0.723646760 0.374298036
N 0.046866182 -0.429053962 0.078032978
H -0.084099509 0.972312212 2.505340815
H 0.223223805 -1.310433745 -2.514991522
C -0.713241339 -1.524170041 -1.996205091
C 1.378069043 -0.220703840 0.565793991
C 1.553457856 1.301661372 0.427271068
H 2.146775246 -0.764647365 -0.006765994
C -0.491556257 -1.636258602 -0.482796460
H 0.193190336 -2.462937355 -0.283603549
H -1.119689584 -2.456525326 -2.392855406
O 2.587160349 1.891192794 0.318584800
