19

H 2.264096737 -0.612249017 1.242517591
C 0.238300636 1.973178148 -4.201295376
C -0.189865351 1.503084660 -1.625332475
C 0.566362381 0.115949064 0.058768332
H -0.076726787 2.439667225 -1.061830997
H 1.334081173 -1.918896437 0.442061901
H -0.438733459 -2.703490973 2.530499935
C -0.897898197 -1.837579250 2.037455797
H -1.246419430 -2.151869774 1.051056266
H -1.291466832 0.676149786 0.960141897
N 0.730439246 0.494263351 -1.141061306
H 0.451230735 -0.386599600 2.913915396
H -1.238793373 1.184667468 -1.493677855
H 0.414135277 2.159642220 -5.232547760
C 0.049761128 1.762729406 -3.039474249
C 1.273738503 -0.926235199 0.898014963
N -0.312406689 0.457793176 1.099173784
H -1.758892298 -1.532291055 2.639017344
C 0.129056707 -0.697912931 1.922595978
