14

H 0.775316656 0.928829968 -1.456930041
H 0.447638214 -1.327917576 -2.465964556
H -2.062798977 -0.140374780 -0.806876361
C 0.380454987 0.739258707 3.109574795
O -1.638677359 1.234719515 -2.223994255
H 1.546889663 -1.460558653 -1.073806763
C 0.281716585 0.551921248 1.691864014
O -0.559601367 1.015697718 3.825023174
C 0.518921912 -1.230812192 -1.373854518
C 0.240715370 0.394513607 0.498577505
C 0.128475830 0.194088072 -0.947807252
C -1.317354321 0.468445092 -1.371154904
H 1.414240837 0.600598037 3.514838219
H -0.155937761 -1.968409061 -0.919489980
