23

H -0.717403293 1.640234947 -1.168266892
H 2.294569016 1.745990038 -1.091532350
H -2.576364756 0.690165341 0.170993596
O -0.521926165 0.335076749 1.502998233
C -1.091885567 0.669169188 -1.498733163
H 2.652649879 0.858587801 0.385557443
C 0.131324947 -0.201264918 2.630607367
C 0.243611947 -1.086366057 -0.417779386
H -1.679039121 0.833214700 -2.409525633
H 0.361273229 0.653305113 3.292084694
H 0.066687912 -0.855244339 -2.683002710
C -1.927415729 0.004187702 -0.381497651
H 2.147835255 -0.766246676 -1.411901832
C 0.058058254 -0.328651756 -1.731509209
H 1.067256331 -0.708924830 2.368505716
C -0.888678074 -0.644498587 0.539874196
H -0.509852171 -0.907716691 3.170141220
H 0.466526121 -2.153138638 -0.417680800
H -1.298348904 -1.525869250 1.059307456
C 1.856434941 1.092982650 -0.332133293
H -2.546514988 -0.787916243 -0.810142994
C 1.339618921 -0.186171323 -0.961780727
H 1.071581602 1.629095078 0.195416451
