15

H -1.845646143 -0.230944142 1.533415914
O -0.818638563 0.900704026 -1.334980726
C 0.571279466 0.441305429 -1.219475985
H 1.239116907 -1.720222473 -1.072639704
C 0.749697685 1.416335702 -0.023887888
N -0.183579847 -3.425201416 1.706483483
H -1.435362101 1.985211492 0.402281106
C 0.582549274 -0.953812122 -0.685816288
H 1.396103740 1.125344634 0.803610027
H 1.137544513 0.588488936 -2.144622326
C -0.777933776 1.170760155 0.099055909
C -0.240172237 -2.431535721 1.117644906
C -1.066805959 -0.123912103 0.795933187
C -0.265275657 -1.176091671 0.388117939
H 0.957123160 2.433570147 -0.365119666
