15

C 0.859726727 1.295677662 0.312836975
H 1.156057119 0.824094176 1.261180043
H 0.225953683 -1.512738228 -1.525681734
C -1.377483487 -0.013075201 0.506864190
H 1.119931936 -1.330318093 0.012065597
H 0.440236986 2.275335550 0.554604053
O 1.988902092 1.561243892 -0.507953346
C -1.046192408 -1.438944221 0.311126977
H -1.855526686 0.502256930 1.332506418
H -0.508907557 0.902339041 -1.307859540
H -1.232777119 -2.294793367 0.950759351
O -2.187372923 -0.845158339 -0.328179806
H 2.429012299 0.731733263 -0.677149177
C -0.196386069 0.429988116 -0.374210835
C 0.184825316 -1.087641239 -0.520909548
