23

C 0.904385030 0.444877744 -0.044604976
C -1.366553307 0.199635372 -1.173080802
H 2.115723848 -2.424956560 1.141335368
C 1.840449452 1.413999200 0.697192252
H 1.789436698 2.413502932 0.244052574
C -2.220899343 -0.777735412 -0.349465936
H -2.508072138 -1.627276778 -0.991493404
H -1.795781732 1.645518303 -2.409608364
N 1.974926233 -1.429865241 1.127272129
C -0.366521865 -1.646204472 0.837537467
H -3.146465302 -0.259140074 -0.092249304
H -0.198045239 -2.697829723 1.095842838
H -0.721555829 -0.388146669 -1.843406320
H 2.812702656 -0.866306663 1.173645735
O -2.277472973 0.954421163 -1.952940822
C 0.816995561 -0.911137402 0.640781939
C -0.478878200 1.068720460 -0.276646644
H 1.333030462 0.256893545 -1.042225242
H 1.542085767 1.520787358 1.747943163
H -0.345588028 2.046221018 -0.739025235
H -0.970645249 1.228918552 0.679579437
N -1.614551544 -1.265006423 0.864461184
H 2.881295204 1.100109696 0.665103018
