19

H -1.986318469 1.708813310 0.853473544
C -0.084591858 -1.215583682 0.313020438
H 2.572321177 -1.171939969 -1.592683673
H 1.311976194 1.166423440 -1.394866705
O -0.510007679 1.707572222 2.187564850
H -1.084758401 1.086226940 -1.378526330
C -1.207909822 0.524571180 -0.440662920
H 1.235992193 0.700351954 2.176344872
C 1.458335280 0.504433632 -0.535533428
C 0.155450836 0.354377538 0.308546096
C -1.305662870 -1.017339349 -0.616328239
H -1.105002522 -1.376109242 -1.628948927
H 2.286299467 0.917937160 0.042024158
C 1.760865331 -0.913248837 -0.905246794
N 1.057426929 -1.832892418 -0.346025705
H -0.295842350 -1.683250785 1.272656560
O -2.304506540 0.984481514 0.285107344
H -2.251425743 -1.418908954 -0.258172482
C 0.297358453 0.974084616 1.658257365
