17

N -0.196099937 -0.119412988 -1.490937352
C -1.767152667 0.324514836 0.258482516
O -2.401524782 0.110456228 -2.022678375
H 2.889064312 0.430126190 -0.811478972
H -1.880356312 0.679331899 2.808835745
N -0.912725508 0.496207595 2.547866344
C 2.224843025 -0.389216661 -1.140870094
C -0.741049588 0.268443823 1.182983756
H -0.544041812 -0.255730301 3.117203474
H -0.038014196 -0.268213809 -2.475517273
H 1.411547661 -0.036136001 1.454293966
C 0.832542539 -0.167941317 -0.594051123
H 2.635945559 -1.322078109 -0.755669773
C -1.545982003 0.111475796 -1.144759893
H -2.780616045 0.540987551 0.557116270
C 0.593784809 0.016441075 0.739155829
H 2.219835997 -0.419255763 -2.229974985
