20

C -1.330120921 -1.167083383 0.716761649
N -2.178392887 -1.954378486 1.544980526
H -0.464139491 -0.876062155 -2.542471647
H 1.093476057 2.601922750 0.540222406
H 2.326571465 1.389672995 0.853716314
C -0.498630553 -0.148693129 1.236648917
H 1.100940108 1.737970829 2.078670025
C 1.400145173 0.971256196 -1.860134840
C 1.262032747 1.628280640 1.010536790
H -1.778745413 -2.865364790 1.736647844
H 2.432545662 0.788189650 -1.551927686
H -0.513205945 0.063160807 2.303637505
H -2.376346350 -1.503685117 2.435590506
H -2.015143394 -2.127386570 -1.077929020
C 0.368170410 0.570325017 0.420572847
H 1.299561620 0.625865221 -2.892522573
H 1.258703589 2.061732531 -1.870617867
C -0.464040726 -0.678031445 -1.471927643
C 0.411139429 0.275059223 -0.960389733
C -1.334520698 -1.392750859 -0.650064051
