22

H 0.263772041 -0.244275659 3.026314020
H -1.585629821 -1.438563585 -0.179464504
O 1.613831162 -1.019481540 -0.460705400
H -1.976880908 0.054274336 1.533135056
C 0.546362817 -1.754410386 0.119520903
H -0.483136088 2.087239265 -1.989949942
H 1.190780759 1.079140186 0.750681937
H 0.361278355 -2.677092552 -0.439667016
C -0.392034352 0.064750604 -1.234102368
H -0.358440101 1.365582228 2.659785748
H -1.024167061 -0.302411616 -2.064919949
C -0.939385891 -0.081361800 1.254377842
C -0.700915635 -0.834026575 0.031726122
H -0.172522277 2.044860601 -0.255305558
C 0.058867309 0.463768363 2.202531099
H -1.779007435 1.682950735 -0.866980016
C -0.707151949 1.545905471 -1.061327457
H 1.108982086 -0.973040104 -2.460302353
O 1.357648730 0.707038701 1.621894360
C 1.079987645 -0.322149068 -1.572244763
H 0.825529873 -1.999224663 1.155654311
H 1.712230444 0.550526559 -1.770651817
