19

H 0.745403349 0.851478159 2.729591608
C -0.606418848 0.400937200 1.086287379
N 0.476892829 -0.452375472 -3.160549402
H -0.498927563 -0.326898426 3.125584126
C -1.270347118 -0.705496371 0.192413673
C 1.271103501 0.002615919 -0.736779332
C 0.172874972 0.005366396 2.340440273
H -2.335749626 -0.862817407 0.351355791
H 1.460275888 -0.462558776 -3.426291943
H 0.880233228 -0.806425691 2.132538080
C 0.111385316 0.920564830 -0.175299957
H 0.291558385 1.984269619 -0.308042437
H -1.374536514 1.124225378 1.351779103
H 2.212821484 0.495928884 -0.982929051
C 0.336742818 -0.290804297 -1.915404201
H 1.496945381 -0.880070388 -0.136209562
H -0.769070268 -1.672578454 0.254348636
H -1.721222639 0.550382137 -1.629296899
C -0.879964888 0.124256887 -1.093534470
