19

H 0.335465610 0.588658094 2.255641937
O -0.507697701 -1.856855392 0.649009883
H 1.400645971 -1.607486606 -0.948899567
C -0.959433675 -0.467345923 0.616292477
N 0.979148030 0.317586988 0.094753027
H -2.015644789 -0.382775813 0.849297047
H -1.579533577 0.461040884 -2.197688103
C -0.378221571 0.447796494 -0.522065520
C -0.601166427 1.969075680 -0.361335725
H 2.677325010 -0.953693628 0.107537970
H 1.179561257 -2.186816692 1.899223089
H -1.590990901 2.154145956 0.070943296
N -0.715254426 0.081190407 -1.855585814
C 0.297936887 -0.054435585 1.392852545
C 0.775670886 -1.503609776 1.168884277
C 1.600596786 -1.031875610 -0.045598764
H -0.536206007 -0.854177415 -2.167978764
H -0.501253605 2.474112511 -1.320793152
H 0.139052421 2.405466080 0.315509558
