17

N 0.284530431 1.627959132 2.521524191
H -1.443489313 -1.751664877 -2.194612265
H -0.956362545 1.139451385 -1.209763885
C 1.609315157 0.037395786 1.720448017
H 1.087480545 -0.334988624 -0.993963242
N 0.537284851 0.250608742 0.913666487
H 2.013344049 1.085430503 3.641421795
C -1.051300168 0.057105780 -1.034776926
C 0.209724888 -0.436130226 -0.338193029
H 0.121590652 -1.511459589 -0.098345533
H -2.226372957 -0.309345096 -2.837896585
H -1.909656882 -0.061216541 -0.358504176
C 1.419901490 0.914873421 2.764712572
N -0.261095434 1.202902913 1.424104333
H -0.490935355 -0.547126591 -3.067830324
C -1.315475821 -0.682285428 -2.353189707
H 2.371516466 -0.681510806 1.501197934
