19

H -0.732838631 1.127530336 0.041784339
C 1.129144192 0.363279313 0.871458173
C -1.494736671 -1.365019321 -2.561511993
C -0.352896005 0.210125700 0.530584812
C 1.389785647 1.423253179 1.941150665
H -1.099736691 -1.820416212 0.163224548
H 1.702434182 0.633698761 -0.022942916
C -2.687221527 -1.135669231 -3.413216352
O 2.800611019 1.537497878 2.096699238
N -3.599026680 -0.996783733 -4.112331390
H 2.985448837 2.116827250 2.832810640
H 0.288076907 -1.380291820 -0.844553232
C -0.624242485 -0.988139451 -0.377215922
H 1.543292761 -0.594196975 1.225973964
O -1.533913493 -0.608451247 -1.452145934
H 0.947141469 2.381276131 1.636174917
O -0.625577390 -2.126961470 -2.887192249
H 0.900701106 1.120489717 2.878058672
H -0.936446726 0.101951331 1.453190207
