21

H -1.270131111 1.033672094 -3.228583336
C -0.128415734 0.922206700 0.808013022
H -0.112780467 -0.303853780 2.608669281
H -0.768733740 1.692727327 0.379243642
H -1.690231919 -0.245654181 1.794488907
C 0.795372009 -1.425577044 0.189733207
H 3.003640890 -1.514628053 -0.028399751
H 0.805512190 -2.122502327 -0.650337577
H 0.807185829 1.435871363 1.096766829
O 2.489111185 -0.785752177 1.767791867
H 0.211370975 -1.862873793 0.989613414
C 0.220730767 -0.086116835 -0.270013899
C -1.343476176 0.971419036 -2.136490583
H -1.137089252 1.965789557 -1.736047506
H -2.365412235 0.698078096 -1.894332051
C -0.794521272 0.340737611 2.049483061
H -1.107643366 1.138830781 2.726198912
C -0.368919343 -0.044284821 -1.618895650
H -0.424780309 -1.004454851 -2.138586283
O 0.966430187 0.418229401 -1.398183584
C 2.212779999 -1.221865177 0.689867795
