15

C -1.090844035 0.032368902 1.378111005
C -1.653361082 -0.132460609 -0.761918902
C 0.706108570 0.000682756 -1.568700552
N -0.311586678 -0.514765799 -0.782495677
H 2.671589136 0.866870821 -1.200314879
H -2.193059444 -0.108223431 -1.691437960
N -2.162033319 0.132714614 0.367240220
H 0.586692452 0.026610218 -2.639194012
H -0.853822708 1.013825417 1.797490478
H -1.417329073 -0.610619426 2.200764656
O 2.031987906 0.694900811 1.573903680
C 0.138943136 -0.540007353 0.625904202
C 1.444455624 0.266312599 0.606712878
C 1.751645088 0.434745282 -0.824848413
H 0.350614607 -1.562954903 0.918783307
