23

O 2.035116434 0.744972289 -2.224188805
C -0.286821812 -0.896772206 -2.081548929
H 1.144110680 -1.838120341 -0.801719844
H -0.717716634 -1.225148439 0.567224383
C 0.717816651 -0.831558824 -0.931654930
C 1.913596034 0.050558180 -1.241980076
H 1.451686502 -1.666845322 1.634350419
H -0.332444489 2.658329010 1.303325772
C 0.070049956 -0.474157214 0.442208141
H -2.526951551 1.824406385 0.962686062
H 2.739553928 0.003009111 -0.493822247
H 0.503377140 -0.499330610 2.569085598
O 0.101594836 1.809588194 1.321635246
H -2.659699678 0.239920884 0.180412635
H 1.856715322 0.062420141 1.607093334
C 1.030912638 -0.658071816 1.626398683
H -0.563263655 1.339627385 -0.556302428
C -2.074112892 0.826882064 0.899823368
H -0.941925228 -0.017439425 -2.120952845
H -0.943806529 -1.769985795 -1.966039419
H -2.150418997 0.355996579 1.876830697
C -0.604633570 0.915675223 0.459562212
H 0.237265021 -0.953955054 -3.032428026
