15

C 1.217251897 -0.072115153 -1.589123249
C 0.494096935 -0.124423347 -0.283981472
H 0.662699103 0.507765532 -2.320775509
C -1.136969924 0.681943595 1.324520826
H 2.192170620 0.398395240 -1.466452241
H -0.706647098 -2.040545464 -0.467675835
N -1.384867072 -0.657393694 1.038958907
C 0.022370636 1.134523749 0.429250300
C -0.426098943 -1.193259358 0.142247826
H 0.807811797 1.593939066 1.029365897
H -0.345293075 1.884668231 -0.278054863
O 0.918864548 -1.149336576 0.630374789
H -1.938835263 -1.214649320 1.663293123
H 1.375157595 -1.078698039 -1.984952092
O -1.751711965 1.329185367 2.133003473
