14

H 2.877211094 0.619633555 -1.412449837
C -0.779269338 -0.296219826 -0.850568771
N 2.483831882 0.193623289 -0.573309004
C 1.254920959 0.018172063 -0.628894985
H -2.080662489 1.665593743 -0.469929010
C 0.208761364 -0.476610452 0.364969373
H -1.314790010 -1.086371303 -1.369910240
C -1.509634733 0.828157306 -0.069757141
N 0.571489394 -2.686565876 1.666007161
O 0.328786880 0.263827443 -1.632253289
O -1.848982573 0.333224565 1.230379105
C 0.412366986 -1.693779111 1.104870081
C -0.513006210 0.770621657 1.006487131
H -0.091023408 1.546692967 1.634359360
