22

C 2.352410316 -1.674196601 0.749872208
C -0.428765982 0.479284853 -0.122408144
H 0.827378213 1.831477046 -1.296896935
H -1.687169790 1.347970724 1.428556561
H -0.452555150 2.455256462 0.797875941
H 2.501530886 -2.716670752 0.457248658
H 2.598186493 -1.564512849 1.825150132
H 1.523348808 0.646036446 0.820779383
H 0.876521587 0.149386778 -1.836288452
H -3.174653769 -0.894180536 -1.127439737
O -2.638178349 -0.148937225 -0.852183759
H 0.263941586 -0.031768903 1.878270507
C -1.404359579 -0.669386208 -0.385164917
H -1.564427137 -1.236434579 0.543504477
H -0.537054420 1.145283937 -2.188283205
C 0.654881120 -0.026403723 0.845826566
C 0.227862805 0.933129549 -1.445556045
O 1.023316979 -1.348094463 0.476658255
C -1.156480074 1.659779787 0.527867198
H -0.960175812 -1.360471606 -1.115546107
H -1.894897342 2.070270538 -0.158562511
H 3.049339294 -1.046817780 0.176720023
