18

H 1.941359520 1.209070206 2.376200199
C -0.825711131 -1.648148894 -0.620431244
C -1.290546656 -2.707815170 -1.167759776
H -1.470736384 1.713023901 -0.335193247
C -0.381016552 1.825014591 -0.215512514
C 2.288808823 1.348456740 1.341257334
C -2.201267958 -4.794834614 -2.251247644
C -0.362953246 -0.626769483 -0.088278189
H -0.142888531 0.643455029 1.574866056
H 2.212232351 2.401280880 1.082402945
H 3.343209982 1.032041907 1.286154985
O 1.594227195 0.502875865 0.436300337
H -2.584675312 -5.662138462 -2.698572636
H -0.524846017 3.057523727 1.280953050
O -0.059968155 3.039702892 0.433702290
C 0.168927923 0.582530558 0.510856986
H 0.062041998 1.875026703 -1.220835209
C -1.766198039 -3.790295839 -1.724863291
