23

H -0.732882261 1.701902151 -1.576946259
C 0.866166294 -0.394649804 -0.963995636
H 1.073552489 1.820784807 0.260464489
H 0.360444188 -0.764448225 -1.869429111
H 1.650434494 -0.493889123 1.567303658
N 0.478849620 1.237025976 0.853339374
C -0.188520774 0.275603741 -0.042721421
H -2.576256275 2.578086138 -0.490724623
H -1.759981751 0.275254965 -1.544575810
H -0.212916940 1.840469360 1.284025669
O 1.854185104 0.524139464 -1.380742550
C -1.259027481 1.011079192 -0.900226057
H 0.191195890 -2.966407537 1.130359769
N 1.737558722 -1.448760629 1.219937682
C -0.738142431 -0.945010245 0.759287059
C 0.404040962 -1.944368601 0.833800256
H -1.116383076 -0.653811276 1.745547175
N -2.270607948 1.676024914 -0.124753051
H 2.665863037 0.317901373 -0.910851717
H 1.988397241 -2.340656042 -0.743859649
H -1.575409412 -1.399720669 0.207539275
H -2.249186039 1.690495491 0.881101012
C 1.408626676 -1.597046256 -0.193879455
