20

C -0.898743749 0.974784374 -0.768458486
H -0.892554224 -2.426673651 -0.198406890
H -1.765160680 -1.576584458 -1.488481045
C 1.591229796 0.642209113 -0.324298084
H -2.112925529 -0.253406823 0.442834824
C -0.922208786 -1.523944736 -0.803712964
H 0.563281953 2.505550146 -0.688417435
H 2.578642607 1.096001506 -0.361073107
H -0.015851647 -1.503193259 -1.412588120
C -0.146793380 -0.239037752 1.339061499
O -1.853488207 1.555165529 -1.234347582
H -0.453207284 -1.970516682 2.190952063
H -0.675195992 0.277764291 2.157332420
C -1.082637548 -0.273355156 0.101795666
O 0.294742495 -1.508637667 1.801091790
H 1.668055058 -0.363534480 -0.751464009
O 1.762336016 1.057024598 2.043567657
C 0.524883270 1.472204804 -1.047227979
H 0.674991906 1.512109995 -2.132428646
C 1.160604239 0.546070337 1.134268641
