19

C -2.374874592 -0.152947605 0.440019131
C -0.124345064 0.289660752 1.577693582
H -2.871002674 -0.160126179 1.408770442
H 4.087387562 0.490447372 -2.259195805
H -3.065537691 0.225493819 -0.299457818
C 0.971759260 -0.361256063 -0.418954343
H -1.394032240 1.748798966 0.630512297
C 1.043140411 -0.185716644 1.096132636
C 2.201940060 -0.041039761 -1.126305461
C 3.206212997 0.249335229 -1.727067828
H -0.748073697 0.170498133 -1.653668284
H -2.126987696 -1.188971519 0.183125585
H 0.189322174 1.554867864 -1.069031477
H 1.894523740 -0.494034469 1.663928270
O 0.658447921 -1.726901174 -0.743838668
H 0.127289161 -2.069173336 -0.015106451
H -0.369040012 0.369042397 2.622482300
C -0.213725477 0.575179398 -0.793916762
C -1.092404366 0.706842959 0.483878046
