18

O 0.318408817 -1.120135903 0.614633203
H -0.241499543 1.905595064 -0.163849756
C 1.801427841 -0.332231313 -1.717784643
H 0.953556716 -0.680064082 -2.316229343
C -0.425755769 -1.841938615 1.503241181
H -2.857851982 1.280633211 0.436736792
N 0.034797739 0.998194396 -0.510204494
H 2.139688969 1.113425493 -0.125549257
C -0.409376502 0.021542521 0.377374262
H -0.036718022 -2.791850328 1.825947523
H -3.364328861 0.405192047 1.733385921
N -1.527439237 -1.265033722 1.868861675
H 1.538967848 1.816766977 -1.632756114
N -2.576993465 0.860031068 1.310016870
H 2.095341921 -1.127016902 -1.035231709
C 1.439987898 0.961511016 -0.951335490
C -1.536020279 -0.067482740 1.148512602
H 2.653806448 -0.137138352 -2.365769863
