21

H 1.070195794 -1.928724527 0.648274183
H 3.853298426 0.923934877 -0.336236864
H 0.283696145 0.064550772 -1.533639073
H 1.347590685 1.771422863 -0.025588388
C 2.907749414 0.636391938 -0.864651978
H 1.749866366 -1.871548772 -1.001848817
H -1.655884027 0.152221024 2.322468519
H -3.185987711 1.878244042 0.881078601
O 2.927814484 0.312066108 -2.020481586
O -2.544334412 0.553781569 2.304922104
C -2.828214169 0.840068460 0.968078315
N -0.631140471 0.047083043 0.394737095
C -1.662078977 0.660279453 0.015613850
C 1.668702126 0.726697981 -0.006467521
H -1.768189073 1.029264569 -1.012650490
H 1.915985584 0.494341880 1.035618305
H -3.659389019 0.208891839 0.600400805
O -0.167610213 -2.481796265 -0.934010386
H -0.991443992 -2.179544926 -0.549412310
C 0.859563887 -1.664898872 -0.407689512
C 0.509809613 -0.172727615 -0.478514463
