21

O -1.664699554 -0.690409899 0.685250640
H 1.995182395 0.883333564 -0.652210593
H -0.782203734 0.308693647 2.328142881
C 0.793899775 -1.588265896 -1.047052026
C -1.171775341 0.518210709 1.332178116
H 1.778508663 -1.787984014 -1.485607743
H 3.012913942 -0.265326530 0.243058071
C -0.097421162 -0.706294537 -1.951485395
C -0.473193914 -0.071583226 0.184127405
H -2.857311487 1.741792917 1.854391098
H 0.313994259 -2.549782276 -0.854332447
H -1.371051311 2.647695065 1.511289954
H -0.944574654 -1.269699931 -2.368728161
C 0.897108555 -0.757687747 0.254860073
H -2.301816463 1.940742612 0.176570386
C 2.043655157 0.248960763 0.237466112
H 2.001792669 0.902573764 1.117589712
O -0.608294010 0.357747108 -1.127359867
H 0.958800018 -1.395869851 1.142058134
H 0.452813417 -0.250689268 -2.781238079
C -1.976327300 1.783842564 1.201031566
