15

N -2.289683580 -1.762858152 -0.399514765
C 0.775759876 -0.230333328 0.505887449
N 0.776312530 0.465961605 2.805988550
H 1.545358181 0.515214443 0.311176568
H -1.000192523 0.045029383 1.795783639
C -0.170361295 -0.317708910 -0.678689837
H -1.280907273 1.141872883 -2.014054060
H 0.279825240 1.807981014 -1.323984385
C -1.349325061 -1.117004395 -0.533186257
C -0.298238277 0.941318095 -1.611668229
H 1.300987720 -1.176909208 0.637420654
C 0.398626804 -0.269095361 -2.046140671
H 0.193247080 0.667711735 3.615023851
C 0.088855237 0.122208111 1.797438622
O 1.029735327 -0.833388209 -2.861481667
