16

N -0.989703357 -0.813218832 0.672804952
N -0.091540657 0.809201837 -3.081456661
C 0.154882774 -0.136048883 0.455750197
H -0.670315564 0.737806737 -3.880950212
H 0.882103920 0.998695314 -3.225615501
N 1.092841983 0.140996888 1.279486775
H -0.024233397 0.472186565 3.068858147
H -1.258699179 -1.101988077 1.600435257
N 0.352468878 0.288462847 -0.881196678
H 1.698063731 0.166252494 3.274636984
H 0.624367595 -1.173792481 2.891307831
H -1.679285645 -0.861570597 -0.070697427
O -1.633662224 -0.337372690 -1.876247644
C 0.828812361 -0.117802545 2.682598114
H 1.246367455 0.735765398 -0.979559541
C -0.532468736 0.192426115 -1.930154800
