19

C 0.351633340 0.294284105 1.889580607
H -1.643200755 -0.325409502 -1.566583633
C -0.549617589 -1.835929394 -0.685936093
C 0.082821868 -0.524558008 -0.462729603
N -0.721176624 -0.746399403 -1.671311855
H -1.482066870 -0.041303676 0.916000247
H -1.157613277 2.427256584 0.995134294
C -0.508851469 0.393853664 0.633505464
O 0.909873605 1.212122798 2.416400194
H -1.402940869 -2.128317356 -0.071209863
H 0.246390745 2.316113472 -0.060269646
H 1.850915432 -0.934314311 -1.612999678
H 0.428205103 -0.726676643 2.306669474
H 1.852392077 0.673048615 -0.882049143
H 0.051682908 -2.673014402 -1.032655954
H -1.350888968 1.895604730 -0.694104671
C 1.579080701 -0.370703548 -0.722051501
C -0.703235924 1.838503957 0.182598218
H 2.166596174 -0.744160831 0.122012936
