17

H -0.800783277 -2.663234472 -1.921474814
C 0.267012805 -1.336963534 -0.927678704
N 1.332832813 -0.499202728 -0.710122705
N 0.152337030 -2.485220909 -1.663202763
H 1.950245976 1.603171468 0.748817325
N -1.959332824 -0.727674723 0.072990112
H -2.290258884 -0.310885787 0.931719601
C 0.550036192 0.281076044 0.133475378
H -0.143590465 3.192160606 0.700106382
H 2.306590080 -0.591935992 -0.948014557
H -0.866326749 1.844524145 1.580869436
C 0.069451548 2.347548008 1.361869693
H 0.477627844 2.751307726 2.286891937
H -2.185384035 -1.713002086 0.186078250
H 0.726417422 -2.520094633 -2.492222071
N 0.968712807 1.408724546 0.770570993
C -0.555587769 -0.580297947 -0.110673144
