16

H 2.231613636 -2.368690252 -0.083401807
H -1.926211715 2.409589767 1.382445097
C 0.738490105 0.192847446 -1.147457838
C -0.104636267 -0.069612734 0.009461550
H -0.177866355 1.615023017 -1.940034151
H -2.589917898 2.159476280 -0.319760650
O 1.773797512 -0.707618654 -1.164928794
O -2.405103922 0.361322284 0.852125525
C 1.845385075 -1.372411489 0.093467504
C -2.042556047 1.748017073 0.527301490
C -1.189004779 0.640480101 0.367467195
C 0.422008991 -1.327226877 0.653348386
H 2.536664248 -0.837351561 0.755973458
H 0.388285071 -1.298654079 1.745656133
H -0.157276407 -2.200985432 0.337463409
N 0.656328022 1.055795193 -2.069126606
