22

H 1.859462500 1.916528106 -0.154590189
H -1.054151654 -0.817719281 -2.536195278
H -2.121962070 0.698810220 1.263953805
N -1.717483521 -0.224949926 1.237074971
H -2.098758221 0.345769852 -1.730605125
C 0.438833922 -1.158488035 0.062079210
C -0.257704109 -0.052691735 -0.708341718
H 1.599780440 0.620486975 1.614634275
H 0.427864581 0.139055505 2.830196619
H 1.528763771 -1.107188821 0.116011657
H -1.961907983 -1.309150815 -1.085513711
C 1.641686082 1.428920984 -1.105570555
H 1.871143341 2.135054827 -1.905079603
C -0.322080523 -0.120846264 0.841623306
O 0.270934135 1.109759212 -1.259671569
C -1.419660807 -0.490578324 -1.561675668
H 2.301558495 0.555354178 -1.222568631
O -0.059191376 -2.458669186 0.089274622
H 0.103829980 -2.865391731 -0.770044863
C 0.540083826 0.621952116 1.859443665
H 0.205594480 1.663753033 1.961426020
H -1.776635408 -0.629770875 2.164139271
