16

H -0.781891465 -1.831265569 -0.134431362
C 1.455530882 -0.374052882 -0.736252964
O -0.700930178 1.565879703 2.461833239
O 0.390038073 0.310951024 -2.816400766
H -1.803488374 0.700758636 -1.232872248
C 0.969811618 -0.122334361 0.705646753
C -0.969616473 0.111158736 -0.842680812
H 1.390310884 0.784127772 1.135297418
H 2.348919868 0.197775885 -1.001398921
C 0.294149905 0.028809143 -1.659388423
C -0.547625422 0.074973114 0.601902306
H 1.219798207 -0.943127215 1.388850451
H -2.346145868 0.983275771 1.442757726
C -1.257737279 0.942283332 1.587413430
N -1.356847286 -1.004975319 0.034924336
H 1.695722461 -1.424237847 -0.935200214
