15

C -1.927558899 -0.726554573 0.542484879
N -1.547781587 2.047021866 -1.410760403
N 0.425585359 -0.560457170 -0.229458496
C 1.062821031 -0.509136379 -1.531970024
H -0.454341769 0.330163211 2.467865229
C -0.795063853 0.152759045 0.233306453
N -2.800421000 -1.415708184 0.815592170
H 0.624294758 -1.251372099 -2.200895548
C -1.243113518 1.219679236 -0.681237102
H 2.125150681 -0.746127725 -1.375479460
H 0.993708491 0.483736604 -1.993810773
H 0.307404995 1.624663115 1.504192710
C 0.008620827 0.574743927 1.515920639
O 2.125410080 -0.844780684 1.372761369
C 1.095285058 -0.378630310 0.971487880
