13

N 0.692474544 0.383059949 1.529907346
H 1.131274581 0.607082069 -1.031082749
C -1.484632134 0.181025922 -0.707270086
N -0.408733338 0.982708752 1.453089356
O -2.561597347 0.133239776 -1.241137266
H 1.427082062 -1.100059390 -1.417279243
C 0.854449511 -0.425076455 -0.789949477
H 0.614984512 -1.636845469 0.960667312
C -1.200509667 1.093102932 0.404653162
H 2.177401066 -0.835030079 0.866010070
O -0.498561680 -0.638438880 -1.163742781
C 1.110310316 -0.699263096 0.685813427
H -1.853942275 1.954493999 0.450321198
