14

C 0.671840131 0.937697351 -1.111956596
O -0.375787795 -2.024418354 -1.916769981
O -0.123182096 0.267015368 -2.133981228
C -0.231523097 1.429974318 0.046477783
C 0.864984274 -0.415408224 -0.377363503
O -0.806672990 2.440155506 0.279285342
C 0.043687072 -0.968111098 -1.543542266
H -1.823080301 -0.165951803 2.048432589
H 1.456265330 1.564554095 -1.549522161
H -0.862155080 -1.715055943 1.732593894
H 1.816565752 -0.863063097 -0.109283991
C -0.893451452 -0.629194319 1.716764450
C -0.037278488 0.107320607 0.775355875
O 0.299788594 0.034485597 2.143509626
