15

C 0.210403651 -0.598617435 -1.832664728
C 0.605481744 -0.503606200 -0.371953428
O -1.467595458 0.977517545 0.112370290
H -0.642891526 -1.263777018 -1.930791616
C -0.849864423 -0.524927318 1.767159104
H -1.165930271 1.741616011 -0.394219548
H 0.926516414 -1.463242054 0.040110677
O -1.083593488 -1.708315969 1.706111908
H -0.067618616 0.382241726 -2.217093229
O 1.261780381 2.003882885 1.559457302
C -0.343006611 0.271652728 0.598743737
H 1.041995406 -0.989807844 -2.421059847
H -1.024049878 0.054737784 2.694825172
C 0.932464182 1.118433952 0.837540329
O 1.665908694 0.502211154 -0.148536205
