19

C 0.558151126 0.445828587 0.362446606
O -1.061212540 -2.311937809 -0.020546462
H 4.049592495 1.417279124 1.315407395
H -0.632775128 -1.905835748 -2.050106764
H -2.152684689 -0.494204909 0.296164006
C 3.063488960 1.150751114 1.020455122
H -0.291321427 -1.048295975 1.512079120
C -0.206948742 1.632028818 -0.093102552
H -0.475191027 0.647443771 2.132601738
N -0.000177178 -0.094845362 1.638347864
C 1.947845459 0.847810447 0.694606066
H -2.845104218 -1.624470472 -0.962929428
C 0.612470627 -0.600077271 -0.801944852
H -1.413687825 3.420619249 -0.776543796
C -0.850411654 2.583643436 -0.449641049
C -0.650151551 -1.426583767 -1.074850440
C -1.961628914 -1.270884275 -0.423251629
H 1.431202769 -1.303191662 -0.596278846
H 0.878542781 -0.065077715 -1.722911835
