21

H 1.537143707 1.432489157 -1.841604829
C 0.918214500 1.043703556 0.235679656
H 2.691520214 1.911052227 -0.573369145
N 0.498816550 -1.075112104 -1.946233749
C 1.964180946 1.144272327 -0.869242311
C -1.156356096 0.165227398 1.137225866
H -0.637868166 -0.004328734 2.095772505
O 1.559971333 0.845518589 1.499440312
H -3.078436136 -0.429067165 1.874618649
H -2.955813408 -0.511565864 0.104166374
H 1.931990623 -0.058879320 1.471027374
H 0.323462874 -0.228675485 -2.462108612
H 2.503200769 0.195051402 -0.993070543
H -2.184029102 -1.758469939 1.102174520
H 0.253925115 -1.911987185 -2.450682878
H 0.409726620 2.006552696 0.325095296
C -2.421541214 -0.691397190 1.045788884
N -0.150630563 0.048487417 0.051939160
H -1.439298987 1.233966827 1.132579923
C -0.086571947 -1.134132981 -0.673621655
O -0.481606930 -2.222705841 -0.265574455
