17

C -0.341170162 1.159254551 -0.727718472
H -0.774297655 -0.718255579 1.920628190
H -0.141770080 1.959489107 0.002161924
H 0.168368176 1.421646237 -1.656733871
H 1.702345729 -2.293900967 1.547372222
N 0.199926287 -1.285367250 -1.050221920
O 1.117418051 0.362348706 1.755992055
N 0.746522129 -2.238988161 -0.381757885
H -2.384856939 0.791648686 -0.047568996
C -1.853165984 1.021698952 -0.970485926
C 0.109471105 -0.594689786 1.312322378
H -2.044749498 0.229732022 -1.694168329
H 2.640251160 0.154568002 0.159153447
C 1.662462711 -0.190874651 0.522366643
C 1.189153314 -1.625203013 0.867574513
H -2.261529684 1.957588553 -1.369199634
C 0.265620828 -0.110695653 -0.189715698
