20

C 1.362270474 0.283738464 0.807398796
H -0.286634207 -1.683032751 1.247534633
H 1.840816617 0.025726885 -1.298816085
C 1.105597615 -0.265396237 -0.522779346
H -2.629122972 0.398974478 -1.132270336
C -1.835748196 0.539056420 -0.388931602
C 1.022647858 1.737210035 0.983700991
H 1.472455502 -0.308256149 1.700016856
C -0.784925878 -1.459265113 -0.862858057
H -2.142999887 0.393070489 0.639628112
C -0.399598897 -0.069537029 -0.776733696
C -0.705934763 1.401816726 -0.669734359
H 1.811655283 2.329301119 0.497056991
N 1.053429008 -1.793056846 -0.565388858
H 0.116276801 -3.266287565 0.502844989
C 0.058133125 -2.182350397 0.335742295
O -0.265030682 2.080431223 0.509964705
H -0.645741105 2.018527031 -1.562223792
H 1.015322208 2.015414953 2.048096657
H -1.162868023 -2.196086168 -1.492248654
