14

H -0.063047700 2.028042793 2.089786768
C 0.024173258 -0.447582573 -0.059217177
N -1.506143928 3.830407858 -0.979840338
C 0.201304272 -1.775684357 -0.719534814
H -0.478221804 -2.493278265 -0.231854230
C -1.088096738 2.844772339 -0.551381290
H 1.629141808 -3.077795029 -0.861063778
O 1.552604198 -2.163674831 -0.561839521
H 0.708144009 -0.601499856 2.002151489
H -0.088979267 -1.695548773 -1.779239416
C -0.110588215 1.348895431 1.251464367
C -0.568308413 1.654955029 0.004768700
C 0.279370457 -0.006133774 1.206090093
O -0.491351902 0.554123342 -0.810291171
