19

C -2.918497801 0.709416032 -0.109296516
H -3.988106251 0.879997075 -0.049170248
C -2.248610258 -0.565667868 -0.617692292
H 1.673361182 -0.975693822 1.451771021
C 2.973851442 0.051014673 0.057028923
H 1.390751362 0.763927817 1.356090426
C 1.632580280 -0.132137582 0.754846573
H 0.772503853 -1.099963188 -0.997237206
C -0.966268957 -0.440369964 0.267512888
H 3.753042936 0.331721246 0.760278106
H -2.027745008 -0.477237910 -1.687491894
N -2.052881002 1.685928106 0.184918195
C 0.497934908 -0.362418443 -0.236836344
H -1.100461125 -0.833457649 1.275436282
O 0.139070854 0.955499709 -0.840664864
H -2.820751905 -1.492212296 -0.447567403
H 2.908167124 0.845514059 -0.698755682
H 3.295042276 -0.858919084 -0.436842471
C -0.912983835 1.015059114 0.013672513
