21

H 1.913940907 1.597763658 -0.548773706
C -0.673096478 0.913522720 0.831587434
C 0.586649060 -1.812723875 -1.693470120
H -2.081361771 -0.241012633 1.961834788
H 0.892208159 -2.866193295 -1.708129406
H -2.609276295 1.411739707 1.604440570
H 1.107904196 -1.253678679 1.777279258
H -0.255410373 -1.709430099 -2.382915497
C 1.278859735 -0.990754187 0.738040328
H 2.318348646 -1.019630075 0.430025965
C -0.119197406 2.132160187 0.237350717
C -2.080462933 0.541565478 1.209232688
C 0.856916428 1.318400383 -0.629654169
H 1.419010162 -1.224068046 -2.100326061
H -0.573727965 3.095743418 0.038825914
H -2.623828173 0.168816179 0.328960210
H -0.644549608 -1.884958267 0.118956491
C 0.394855708 0.049679901 0.127669513
O 0.096915983 1.827695489 1.639141679
H 0.564071476 1.322182059 -1.683293581
C 0.231230646 -1.376819730 -0.296783000
