19

C 0.457610786 0.238897383 0.980019629
C 2.513876915 -0.359218478 -0.124533936
N -0.290677816 -0.221967772 3.352493525
H -3.423530340 0.342814595 -0.628065228
C -2.547574997 -0.072235607 -0.111172192
C -0.017824344 -0.433487862 -0.285824835
H 2.047119141 1.820548534 0.441199303
H 1.378580213 0.389840662 -1.951242566
H -2.476065874 0.397283316 0.870735466
H 2.532986641 -1.268140674 0.466249615
C 1.661564350 0.820727587 0.346447617
H -1.398047686 -0.309479535 -1.930541396
C 0.069403298 0.022728937 2.260899544
C 1.301784635 0.027597209 -0.939121664
H -2.747515202 -1.137878180 0.037858866
H -0.114593513 -1.523979068 -0.163165793
H 3.467491627 -0.097231694 -0.589702308
H -1.130299926 1.219499350 -1.097474337
C -1.284288287 0.143681496 -0.935059011
