17

C 0.329912066 1.375530720 0.327724487
H -1.736681342 0.442029297 -1.471097708
C 0.882673442 -0.948376596 0.194588736
O 0.756915569 1.070647478 -0.997554600
C 0.295295566 -0.291990846 -1.075743794
H 1.969007850 -0.988373816 0.139096752
C -1.209017396 -0.140762985 -0.717559397
C -0.976323843 0.624533355 0.571394265
O 0.661115050 0.165157467 2.512953997
C 0.355433643 0.120578490 1.143305302
H -1.762749910 1.021297693 1.209948897
H 0.483955771 -1.954671621 0.358388364
H -1.710542798 -1.109038234 -0.575616777
H 0.566902637 2.363136768 0.682035744
H 0.097112022 -0.470751852 2.960524559
O 0.657565594 -0.908629298 -2.265338898
H 0.339425474 -0.370316178 -2.997050524
