18

H -0.386904448 -2.338172436 0.393769503
N 0.479594409 1.463094592 -1.409907460
H 1.830531001 0.585379839 -0.072529674
H 0.146299466 1.138894200 -2.308457851
C 0.870639324 0.392624855 -0.559318483
O 0.857706726 -1.603204608 -2.088560820
C -0.174291968 -0.068886310 0.543017507
O -0.713073969 1.282424927 2.457649946
C 0.350734681 -1.541156054 0.368535727
C -1.636424541 0.053620897 0.100678660
H -1.925009847 1.104445457 0.052568708
H -1.791919231 -0.408904165 -0.879175425
C 0.833131015 -1.082645535 -1.015045285
H -2.295079947 -0.444891453 0.817140222
H 1.190680265 2.167130470 -1.536950946
C 0.077120051 0.612829268 1.855034351
H 1.178301930 -1.784916520 1.031820536
H 1.107965231 0.472332537 2.249730825
