18

H -0.459486991 -1.713251472 1.643444180
H -2.182252884 -1.500991344 -0.122512542
C -0.133016139 -1.463597178 0.620773375
C -1.353511691 -0.783792615 -0.065102689
C 1.490872502 0.453096867 -0.069787256
N 1.094340801 -0.708010972 0.697428823
H 0.843529403 2.443650961 -0.673385084
H 0.301986873 1.969640493 0.941130340
H 1.726404548 0.178399295 -1.120074034
H 1.864994168 -1.363494158 0.718507648
C 0.464809686 1.606117249 -0.076613903
O -0.911511540 -0.287318498 -2.522628069
H 2.422962189 0.838914812 0.371494204
H 0.027221654 -2.421017885 0.097267576
C -0.964867413 -0.036908016 -1.350838780
N -0.824725568 1.192240238 -0.630408883
H -1.721522570 1.014995933 1.228080988
N -1.686227202 0.581326306 0.313224256
