19

H 1.172101974 -2.411128521 1.003557324
C -1.118573308 0.483540624 -0.853042603
C 1.492656469 -1.593353748 0.347204387
C -0.378302068 -0.027501941 1.284815431
C 0.249409720 1.899549365 0.093763120
C -0.943050802 -1.039344668 -0.720224500
C -1.028639078 1.147890925 0.578854203
H -1.708258510 -1.637497663 -0.214231372
O -0.427122355 -0.406080455 2.423008442
H 1.063449264 0.640651226 -1.670345426
H -1.778318405 0.950268209 -1.588050842
H -1.859211445 1.647657514 1.067173958
H -0.017901519 2.788702011 -0.481228501
C 0.343626291 -0.656294227 0.083724253
H 2.312864780 -1.079642653 0.853763103
H -0.682922959 -1.491941094 -1.678512335
C 0.423943102 0.672035515 -0.793904543
H 1.877780676 -2.036830187 -0.573180974
H 1.006468654 2.149319887 0.836856902
