20

H -0.505456090 0.985063195 1.832716823
C -1.615681052 0.320798695 0.003641667
C -0.355014861 0.450646192 0.901439250
O -0.407560855 -1.655034304 -0.151007861
C 0.476127118 1.180219650 -0.152309284
H -0.355660170 2.617620707 -1.752730727
H -1.486295581 -1.060845733 -1.784979939
O -1.803592205 1.548334599 -0.662463903
H 0.868745267 0.188336357 -2.212050915
C -0.896358907 -0.616006196 -0.982453525
H 2.147783756 -0.635718346 1.767356634
H 1.430443883 1.638444304 0.079822212
H 1.833705544 -2.308136463 1.251018763
H -2.549516439 -0.012885417 0.454843640
C 0.133037075 -1.005970240 1.025970221
C -0.490769893 1.725773573 -1.148182511
H -0.306599289 -1.465151429 1.909221530
C 0.167708248 0.399523377 -1.431114793
H 2.073679209 -1.043830633 0.034600232
C 1.641275525 -1.251181841 1.016662478
