19

H -0.970416903 -0.888571739 -2.120241165
N -0.114787705 0.211186185 1.112227559
C 1.372270107 0.306330591 0.958568513
H -0.060181201 -1.017419338 2.861002922
C 1.284575462 0.357473075 -0.577225089
H 1.767892957 -0.472122848 -1.085800529
H 1.915299654 1.106578946 1.481522441
H -1.944689870 -1.156962872 -0.660284102
H -0.271469384 -1.957692623 1.357969642
C -1.053218126 1.496546984 -0.775070727
O 1.606791735 -0.976517141 1.545717239
C 0.175942734 -1.054263592 1.789732337
H -2.084823132 1.432948589 -0.410079092
H 1.590845108 1.294764161 -1.029402494
H -0.603229880 2.388242006 -0.314769506
H -1.062224865 1.641655684 -1.857097507
C -0.285384417 0.231441543 -0.402593881
H -0.340709388 -1.927569509 -0.840720415
C -0.922482729 -1.016047955 -1.033455849
