20

H -2.446137428 -0.612712502 0.446090668
C -0.526819587 -0.850738287 -0.605016947
H -0.600649655 -1.598060608 1.436467052
O -0.165995836 1.716634274 0.528695285
O 1.322618365 -0.977126241 1.141836643
C 1.781574845 0.306916714 0.801785290
C 0.916140437 1.067439198 -0.191513672
C -1.452794909 1.267770529 0.518121958
H -2.339008570 0.231043443 -1.089981794
H 1.320390224 -0.421911627 -1.689584136
H 1.495079994 1.898319483 -0.600575507
H 1.867183805 0.886830568 1.732014537
H -0.843895376 -1.633019805 -1.290945172
O -2.304098368 1.919732213 1.063665271
C 0.133309647 -1.542028546 0.623297036
H 0.395002902 -2.579878092 0.377064049
H 2.788125277 0.202228054 0.377944767
C 0.455696702 0.107399926 -1.281263590
H -0.028318990 0.647149563 -2.104240894
C -1.767402768 -0.035988625 -0.193860501
