16

C -1.824626446 1.203700781 -0.859160602
O -0.633197606 -2.608103752 0.647783935
N -1.135787368 -1.361467957 0.287278533
C -0.561864316 0.985930979 -0.036465567
H -2.718570232 0.685068011 -0.461409628
O -1.854119658 1.863086939 -1.863708854
H 2.079598427 0.141178772 -1.286856294
H 2.508058310 1.221508026 0.046754584
H 1.380117416 -0.172086433 1.663360715
H -1.397245884 -3.174340487 0.563222945
C 1.706651449 0.598845005 -0.366317391
O 0.596645951 1.441740632 -0.677898169
C -0.265497446 -0.447444886 0.324358523
C 1.203873873 -0.468634784 0.614149094
H -0.727433681 1.547228932 0.915519118
H 1.643397689 -1.456209779 0.489389092
