21

H -2.817358494 1.109408498 0.587248445
H 2.283857822 1.589671493 -0.940430403
H -0.760672212 -1.361382484 -1.376365066
N 2.328405142 -0.513262451 -0.662104547
H -1.639022827 -0.434649974 2.196582556
C -0.172755823 -0.539457023 -0.969447553
H -2.933865070 -0.214675903 -0.585925281
C 1.210709095 -1.049170613 -0.581859291
H -1.648625851 -1.779940128 1.049891353
H -2.197663546 1.326250315 -1.054048657
C -1.096417665 -0.892390788 1.369930148
C 2.782873869 0.819558442 -0.340734750
H 1.212891221 -2.091220379 -0.247118786
H 2.613447666 1.079351306 0.710351467
O -0.251288593 1.281955123 0.651500821
H 0.675498486 1.064302921 0.741882622
C -2.311708927 0.608392656 -0.236711994
C -0.938225389 0.105019249 0.215383008
H 3.854326010 0.891172171 -0.527134836
H -0.122910336 -1.212197781 1.751909852
H -0.071496166 0.213265598 -1.752799273
