20

C 1.042731643 0.126998201 0.385681629
C 0.065285675 0.211211666 -0.838939548
C 1.254118443 -0.399418086 -1.601323247
C -0.653920472 1.434657097 -1.361255407
C -0.046875499 -0.610630333 1.213814259
H 1.069368362 -1.308729410 -2.195526838
H -0.643131554 -1.880537152 -0.505610764
C -0.633715451 0.358701080 2.112567186
H 1.799994946 0.333698928 -2.211769104
O 1.947411656 -0.700757921 -0.373425901
H 1.558082104 0.972437024 0.846676648
H -1.312212110 1.114685893 1.806810975
H 0.060685448 2.210599422 -1.653601289
C -0.813737869 -0.868392050 -0.136158884
H -1.319921136 1.861617446 -0.597850919
H -1.254456639 1.194540262 -2.246195793
H -1.893445015 -0.677708149 -0.112253189
O 0.354997247 -1.759290814 1.926061869
H -0.186622322 0.428690732 3.082324743
H -0.394637465 -2.042373657 2.459973574
