19

H 0.020874847 0.126918092 3.143149137
H -1.745522499 1.109297514 0.189209372
H 0.448995411 -2.509480476 -3.041883945
H -0.200066373 -2.537459135 -1.404830694
O 0.558933735 0.787234783 2.687971115
H -0.411180198 -0.241484493 -2.420966625
C 0.596775293 -2.120583534 -2.027348518
C 0.562306106 -0.593868196 -2.050490618
H 1.321187496 -0.215309247 -2.738597631
H 1.171370864 0.932655752 -0.734137714
C -0.307210654 1.522147179 1.854088068
C -1.439278007 2.104505062 2.592083693
C -0.859878480 0.742057562 0.692809641
H 1.556704998 -2.491587877 -1.666957855
H 0.292865872 2.359627485 1.472942233
C -0.064944848 -0.259402663 0.272313416
N 0.854705811 -0.024717253 -0.730527520
H -0.032418579 -1.245323658 0.742995977
N -2.324220896 2.554773092 3.168177843
