20

H 1.409311175 1.917317629 -1.100836873
H -1.352292776 0.941504180 -1.379480600
H -1.264725566 1.331104159 2.204849958
H -2.446142197 0.159330070 1.620467186
H 1.686790228 0.437910616 1.309403658
H 1.741081953 -1.949973822 -0.217750221
H -1.092965484 -0.384956062 2.623378992
C -0.438008845 -1.366056204 0.024103882
H 0.556398928 -0.526621878 -2.496359110
C -0.659030914 1.140812516 -0.559591055
C 1.022845507 0.202421278 0.485411465
C 1.195159316 -0.280668229 -1.645844221
H -0.529701471 -2.096917152 0.840036035
C -0.551431954 0.082845978 0.579377532
H 2.240226507 -0.262799501 -1.977185607
H -0.895379186 2.126415730 -0.152030051
C -1.380391121 0.310094446 1.823095441
C 1.034460783 -1.131405830 -0.355393559
H -1.128615141 -1.662501812 -0.772333205
C 0.852410734 1.012144327 -0.853320301
