14

C 0.591171861 -1.129848480 -0.266634375
H 1.714771390 -2.649089098 -0.334070951
C 1.019367218 0.137195379 -0.843557596
C -0.978663087 0.538368285 0.866355181
H -1.165344238 -0.220611230 -1.204292417
H 1.225538015 0.114758946 -1.918287039
H -0.984889448 -0.175316557 1.705491781
H -0.322519332 1.375772953 1.153232574
N 0.855501950 -2.304132938 0.075324997
O 1.686442733 1.149638295 -0.147245347
C -2.336954117 1.031557441 0.690534353
H 2.563605785 0.835003972 0.074033312
C -0.441064328 -0.119217582 -0.396109730
N -3.426964998 1.415920258 0.545224786
