21

H 0.740790963 3.272791147 0.051623162
N -1.706339359 0.421792537 0.985836446
H -2.270117760 -1.475442171 0.312039137
H 0.832931399 -2.567729473 -1.339807630
C -0.092330918 1.341985703 -0.643365979
H 0.067486711 -0.188816324 -2.181915760
C 0.586160958 1.557355523 1.428242087
H 2.021248817 2.070095301 -0.254653066
H 0.515319169 2.169838428 2.327660799
C -0.682110608 1.121153235 0.726656795
C 0.314050853 -0.081439905 -1.115429997
H 0.293904096 -3.042896032 0.281689107
N -0.313894689 -1.135348797 -0.345585316
H -1.030070424 -1.498907089 1.551129818
H 1.208646417 0.676891506 1.646596789
H -0.853925109 -3.036159277 -1.068869233
C 0.004927609 -2.503377914 -0.636061072
H -0.678693116 1.849989891 -1.403183222
H 1.409620881 -0.200792670 -1.041589856
C -1.353541255 -0.955575049 0.638822377
C 0.985934913 2.204590797 0.080164477
