25

H 0.355095685 -2.168003798 -0.612190127
H 1.902218342 -0.244772062 0.437596858
C -0.315610051 0.601323307 -1.044658899
H 1.715646386 0.379717618 -1.783289313
C -0.483111888 -1.729167700 -0.049743354
H -0.107434355 -1.150521874 3.826548576
H -1.098276496 0.097475305 0.863427103
H -0.201946139 2.788474798 -1.536701202
O -0.133098379 -0.561105430 3.071080208
H 0.559745371 0.933080792 -2.993429422
C -0.690994978 2.067029715 -0.889064729
C -1.672408223 1.089483619 -1.500548363
H 1.924668550 -0.277591348 2.954097986
H 1.336647034 -1.758451343 2.199424505
C 0.690817297 0.270759970 -2.140963078
H -0.589467525 -2.295840502 0.872100532
H 1.093089938 1.106561303 1.208587050
H -0.904173851 2.432930708 0.104057923
H 0.572650492 -0.761465788 -2.495080471
C 1.104073524 -0.695132494 2.368863583
H -1.396865964 -1.888314724 -0.646860182
H -1.864456177 1.149738669 -2.566576242
H -2.540766954 0.824359357 -0.905499578
C 1.015937090 0.030703506 1.022310138
C -0.271978498 -0.241271541 0.236511081
