21

H 2.503439665 1.099557996 -0.393640727
H -1.140069246 1.631317735 -1.434647560
H -1.151523948 -1.269836903 1.729398370
C 1.631942987 -0.891293883 0.215980232
C -0.795957029 -0.588144660 0.965227485
H -0.626536965 1.075013638 2.106327057
H -2.526340485 -0.504675329 -0.445118606
C -0.816100240 0.845169961 -0.740770698
H -0.041539807 -2.304652214 -0.252337277
H 0.477170378 2.304715633 0.451978445
C 1.577347517 0.528779626 -0.370873392
C 0.166540787 -1.253047109 -0.095989764
H -0.553670645 -0.828892052 -2.210860729
C -0.084854625 -0.337305725 -1.364991903
O 1.165171146 0.224491701 -1.720406294
C -1.857649684 0.142893985 0.127694592
N -0.006841284 0.506374598 1.531455278
H 2.329967260 -1.485995531 -0.378184766
H -2.457322121 0.816510439 0.737802804
C 0.324036330 1.238446116 0.271983027
H 1.882789850 -0.949428320 1.269974113
