15

C 0.767509699 -0.624758482 0.555672884
O -2.072151661 0.683514416 1.067972183
H -1.660671949 2.777362347 1.074840426
C 1.644338250 -1.546019554 -0.215715751
O 1.124240279 -1.505096316 -1.555560350
C 0.089140922 -0.640664160 -1.566440105
C -1.211067438 0.917492688 -0.045636434
H -1.737980723 1.273781776 -0.937575519
H -0.379263490 1.707633018 1.845351100
H 1.606258631 -2.574401617 0.144727215
H -0.383690536 -0.490562975 -2.523401976
H 2.694607258 -1.232877612 -0.246576697
H 0.850885630 -0.445524484 1.609097838
C -0.145417809 -0.097156577 -0.325500280
C -1.186737418 1.797277808 1.118745446
