17

H 0.432865798 2.179291725 -0.169266775
H 1.102102876 -1.620704055 0.722442329
C -0.565174043 -0.446591914 -0.140355125
H -0.606103241 2.064979315 -1.588486314
N -0.929742932 0.235179037 1.147046089
C -0.699643672 -1.057371855 1.894883513
H -1.662441730 -1.528728724 2.133109331
O 1.427066207 2.211255312 -1.988239408
H -0.303077579 -2.644740105 0.312958300
O 1.024960995 -0.423312455 -1.889412165
C 0.014938340 -1.656656265 0.651330292
C 0.345690250 0.232009545 -1.129502416
H 1.870069385 1.430489659 -2.329201698
C 0.379437774 1.756045580 -1.189472318
H -0.241868958 0.938720405 1.424682379
H -0.112924613 -0.955663085 2.813767433
H -1.476154804 -0.714202821 -0.676283836
