16

H -1.089269638 2.200368404 1.406682014
H -2.287922144 1.734423280 0.145769209
C 0.545531809 -1.388591409 0.174641997
H 1.902673721 -0.508973062 -1.601354241
H 1.037040830 -2.275755405 0.557767928
H 0.565248668 -0.123519085 2.029961348
C 0.731942296 0.775735378 -0.053405806
O -0.318925142 1.636443853 -0.443748564
O -1.271122456 0.163826615 1.030638456
C 1.023678660 -0.438342303 -0.957941532
C -1.307801008 1.505563259 0.573548138
H 0.016079204 -2.191691637 -1.777630687
C -0.162139967 -1.334584355 -1.140206814
H 1.629334450 1.330312252 0.253674656
H -1.154999614 -0.918355107 -1.217144370
C 0.140650496 -0.166860759 1.018748283
