17

H 0.640520394 -2.021276474 -2.156694651
H -1.911972284 1.714280844 0.295724511
H -2.086501360 0.339249194 -0.819784820
H -2.206444979 0.068770558 0.906752884
H 1.600737214 1.358652234 -0.284510314
C -1.682774425 0.657348812 0.148380592
C 0.361012489 -0.846517384 -0.280910790
C -0.185741767 0.459062397 0.260473698
H -0.087824881 1.765820742 2.058895588
H 1.336829424 0.617226183 1.885166883
C 1.680153966 -1.209576845 0.175457016
N 0.669243634 1.636602640 0.048391812
H -0.778373003 -0.838093042 -2.188877106
O -0.551338613 -1.953367591 -0.384843975
C 0.500739157 1.117720842 1.403997898
C -0.056808289 -1.392849088 -1.596311927
N 2.758543491 -1.473053813 0.528692484
