24

C 0.964639008 0.833222568 -0.501608312
H 0.161961481 2.821240187 -0.859555960
O -0.263948202 -2.573338032 0.030609835
H 2.093846560 -0.940582514 0.050346505
C -2.330830812 -1.163618207 -0.176604569
C -1.142199874 -1.876614571 -0.780030608
H -0.692852855 -3.375673056 0.320730329
N -0.248937964 0.367779762 0.127967089
C -0.429178029 0.349785268 1.557019591
H 1.112471581 2.702680111 0.624938011
H 2.442124367 0.455390841 1.080880165
H 0.387154579 0.903261364 2.049914360
C -1.140427232 -0.368982643 -0.690243006
H -1.374919415 0.835851610 1.828710198
H -3.260604858 -1.101724267 -0.719009042
H -2.446544886 -1.263451219 0.898147285
C 1.053320169 2.367434502 -0.411855549
H -1.260092378 -2.295784235 -1.780092001
H -0.440567791 -0.659032822 1.979906321
H 1.933582664 2.736333132 -0.934540629
H -1.317883253 0.136303276 -1.633140564
H 3.093438148 0.400487721 -0.554985106
H 0.881982327 0.561992943 -1.564360976
C 2.224467516 0.147038817 0.056855939
