22

C 0.547202706 -0.228950784 0.823495030
H -1.911526322 1.925923705 -0.319412351
C -1.440377951 1.230476499 0.380594522
H 1.957690120 -2.232216835 2.019902706
H -0.877336025 -1.910560369 0.814334154
H -1.194676995 1.801366210 1.284968376
H 0.216971010 -0.939220369 -1.805019021
H -1.473673582 -0.384306490 -1.837922812
C 0.669935584 1.602111340 -1.033679843
C -0.082506344 -1.498411775 1.431452632
C 1.298107624 -2.127331257 1.148718238
H -0.713767290 1.732140779 -2.618708372
H -2.187561274 0.475660533 0.648953855
H -0.400168926 -1.455881238 2.478035212
C -0.448589653 -0.085707307 -1.611296415
O 1.679261804 -1.005749345 0.320749044
H 0.917770684 0.449494749 1.612308860
N 0.041688547 1.133702517 -2.306574583
C -0.192916170 0.581432521 -0.217814848
H 1.742159963 1.344974637 -1.027743578
H 0.550442636 2.661680460 -0.781684995
H 1.301869512 -3.070627689 0.596343756
