25

C 0.527107835 -0.475907832 -1.602330446
H 1.484650970 -0.953748405 -1.375246644
H -2.091600180 -1.382143974 1.446829796
C 1.706958532 0.748494625 0.964478791
H 2.247988701 0.405410498 1.854294896
C -0.606239080 0.988380432 1.932553411
H -1.396788120 -2.908048868 0.922924221
H -1.331209540 -0.004659543 -0.519054353
C -0.198169932 1.252138615 -3.019544601
H -0.937696993 -2.228645086 2.487013340
O 0.862667859 0.718809247 -2.267686605
C -0.018586507 -1.243460059 0.786630929
H 2.281586170 0.466288686 0.085011140
H 1.725368977 1.842634678 0.990602195
H 0.864675999 -1.859731913 0.667087317
H -0.578980207 2.060358286 1.719339252
H -0.278370827 0.848022640 2.966722965
H -1.651654243 0.676943302 1.880408764
H 0.204822764 2.096489906 -3.588951349
C -0.295431525 -0.281323165 -0.347909927
C 0.284854978 0.224818960 0.965449750
H 0.001743375 -1.149311543 -2.299739122
H -1.011846781 1.619355917 -2.375071049
C -1.172133446 -1.978003979 1.454681635
H -0.623718977 0.516838908 -3.728494167
