21

C -0.877100646 1.386883974 0.514477134
H -0.751828551 1.796883464 1.510378122
C -1.315943122 1.007061601 -1.436967492
H 2.824456453 -1.417443871 0.374495029
H -0.034794595 -0.601558447 2.522983789
C 0.622882843 -1.200668216 1.865067959
N 1.009442687 -0.406684965 0.705967188
H -0.467881322 -0.998328209 -1.806667089
C -1.019744158 -0.454163909 -1.029299021
N -2.137617826 1.467592359 -0.263149828
H 1.519233704 -2.009458303 -0.658004463
H -1.675451636 1.260189772 -2.432653427
H -1.871815324 -1.042093277 -0.680695713
H 0.068531044 -2.120608091 1.613797307
H -2.318341017 2.476128578 -0.415689558
C -0.083952576 0.161494717 0.015829731
C -0.002632438 1.504385352 -0.716228306
H 2.260397911 -0.412973702 -0.976437032
H 0.806169629 2.180544615 -0.962529778
C 1.937761784 -1.101302385 -0.187275261
H 1.508226633 -1.475880146 2.442600489
