20

H 2.495916367 1.371057153 1.568576574
H -0.681040764 -1.358567476 -1.655732512
H -0.830985308 -1.801264167 0.882615447
H -1.072758675 -0.953026354 2.423012972
O 1.623421431 1.114644647 1.858559370
C -1.109216809 -0.360348433 -1.767179847
H 1.626708269 1.479825258 -1.249897599
C 0.968606055 0.491144478 0.796106398
H -0.961651504 1.243726254 1.282688022
H 1.245994568 -1.479608893 -0.316571623
H -2.300531864 -0.869559109 1.156969070
C 1.645788789 -0.480001330 -0.109195836
H -0.922864556 -0.038829189 -2.802161455
H 2.730026007 -0.448214352 -0.065501839
H -2.190220356 -0.450459212 -1.647945166
C 1.013635278 0.780481040 -0.707307518
H -0.975048900 1.627169490 -0.970486820
C -0.559814930 0.369164169 0.774748027
C -0.524999619 0.643910706 -0.785616815
C -1.220963240 -0.881244421 1.334321260
