17

C 1.722501040 -0.215003237 2.048276663
N 0.529901445 0.310001373 1.383520842
H 1.426345825 -0.913254678 2.839656591
H 0.779955208 1.011664987 0.697804451
H 2.422122717 -0.743103087 1.377262115
C -1.397862315 1.229673505 -1.276606679
H 2.259017467 0.613105655 2.514607906
H -1.303209305 -0.553047061 0.934776247
H -1.597171307 1.710283756 -0.327401280
C -0.699910998 0.028478611 -1.563962221
N -1.814728737 1.776609421 -2.411005259
N 0.003401609 -0.795488417 -0.723427117
O -1.434303880 0.910844743 -3.380100250
H 0.076521516 -1.747651815 -1.102481961
H 0.025340158 -1.703799248 1.143249393
C -0.233357698 -0.731439471 0.714447796
N -0.764562726 -0.187874809 -2.868617535
