20

H 1.217385411 -3.768419266 -1.495674491
C -0.075238682 -0.325617105 1.334640026
H 0.380719990 1.775144339 1.449684501
H 2.268664598 0.718889177 0.480361938
H 0.606185198 -0.464652717 2.186156034
H -1.021249652 5.229825974 -0.536942661
C -0.958631098 2.959573984 -0.368316591
N 1.501526356 1.016854286 -0.116975501
C -0.992440820 4.168050289 -0.446640790
C -0.918215692 1.511429429 -0.239180312
H -1.868592143 1.174193144 0.183583170
H -1.079564452 -0.269748539 1.768418789
H 1.441626191 0.318447500 -0.856860042
H -0.831460059 1.023630261 -1.203817844
C 0.261401206 1.028583288 0.650066316
C 0.134674862 -2.493439674 -0.206692412
H -0.527712047 -3.786405087 -1.737819672
C 0.034124602 -1.499381423 0.470541865
C 0.252378345 -3.719208956 -0.974865794
H 0.174418166 -4.597748756 -0.339666307
