19

C -0.463270724 -0.540965199 -1.918444157
C -0.666942835 0.670111537 0.398201138
H 2.078838110 -1.000384212 -0.227901772
H 0.472190440 1.564641476 3.331035137
H 0.307924271 -0.622544646 -2.684881926
H 0.129132360 -2.460156679 -0.936560988
C -0.555193067 -1.620170951 -0.876706243
C 1.496427774 -0.077783942 -0.137809426
C 0.019218881 -0.253029644 -0.524345040
N 1.452193499 0.397073984 1.264981270
N -0.033738703 1.791431904 2.499029160
H 1.966733575 0.694025159 -0.759750903
O -1.622971177 0.102423847 -2.335437775
H -2.149259567 -0.522846043 -2.830316067
C 0.158499196 0.957058668 1.414638877
H -1.653397202 1.060898423 0.239012957
H -1.537291884 -1.861449480 -0.490418434
H -0.978453219 2.100035429 2.663541555
H 1.579360247 -0.378369987 1.912132621
