20

C -1.732616067 -1.357627392 -1.035314083
H -1.912325263 -2.360756397 -1.442800999
H 1.734129548 0.133002833 -1.121274352
C 1.190451264 1.793867946 0.268673211
C -0.355110615 -0.035999231 0.684641838
H -0.890558898 1.755764961 -0.594100773
H -0.805408835 -2.136480570 0.760781527
C 0.882752717 -0.070432991 1.613846540
H -1.477272153 -0.701044738 -1.873602867
C -0.591437697 -1.381777883 -0.013446977
H -1.244890809 0.209291562 1.274101734
H 1.250688434 1.682039499 -1.951033473
O 1.629152775 1.146397710 1.440138698
C 1.207246065 1.076446056 -1.052734017
C -0.061872363 1.146229148 -0.244525939
H 0.614180982 -0.139266789 2.681807518
H 1.366221666 2.859819889 0.322535753
H 1.529967427 -0.922374785 1.376708269
H 0.325161129 -1.706337094 -0.502181649
H -2.658459187 -0.990761995 -0.592220187
