15

H -0.844119728 -2.051779985 -0.353699774
N -0.731661260 0.832716763 1.437754393
H 2.248262405 -0.289719641 -1.382130623
H 1.026033998 0.442280531 -2.418247223
H 0.765371978 -1.173140883 -1.765016317
C 1.164286137 -0.185317218 -1.527240396
C -0.471718580 -0.121645078 0.493051738
N -0.010629678 1.953803539 1.277030706
H -0.993116021 -1.997092009 1.413785219
C 0.738756597 1.710465670 0.219691113
H -2.265980005 -1.317802072 0.401269585
H 1.447424293 2.450123310 -0.134940490
H -1.392439127 0.766671181 2.185309172
C 0.501399159 0.416780025 -0.331125826
C -1.181870103 -1.436343193 0.484508961
