19

H -1.545802951 -0.066057853 1.519988656
H 0.340076208 1.647353292 -1.336130261
H -1.052325130 -1.554797649 -2.637217283
C 0.263611734 1.129645109 0.780590296
C 1.502705216 0.193403319 0.836123347
H 0.353349566 2.148457766 1.154526472
H 2.179011345 0.179467648 -0.017045226
O -1.224195480 0.420861572 -3.158645868
C 0.485969335 -0.972212553 0.999748528
H -0.254514039 0.203547955 2.709116459
H -1.278203130 1.626584053 -0.671006024
N -0.478734463 -0.266972214 -1.106355667
C -0.961214185 -0.475814104 -2.402411938
H 0.782430291 -1.866439819 1.553728223
O -0.286564171 -2.523555040 -0.671627939
H 2.074940920 0.352521360 1.752958298
C -0.112312570 -1.366302848 -0.327549696
C -0.317174315 1.113350153 -0.633317769
C -0.471053749 0.076959610 1.654527187
