13

H -2.675623655 -0.948447943 -1.466617823
C -1.910390973 -0.506211579 -0.860815287
N -2.185008049 0.453189999 0.055414002
N 1.349901438 -0.044853609 0.187715650
C 2.300586939 -0.841186404 -0.389154911
H -1.605739474 2.065015793 1.718366861
C -0.973163903 0.742370665 0.559578001
N -0.619530380 -0.859424293 -0.951931298
O 2.140999794 -1.646474957 -1.262122512
C -0.017610587 -0.068608865 -0.053679191
O -0.746856332 1.680775166 1.494370699
H 3.296569824 -0.637039602 0.072031289
H 1.645865321 0.610895216 0.896844625
