20

N -0.118399002 -0.856487274 -0.374727249
C 0.010174733 1.558238864 -0.891089380
H -0.861797273 1.488327742 -1.546891451
O -2.233796597 -0.299635082 0.034414936
H 1.760735869 -1.377874017 -1.177663445
H 1.399463177 -2.120246172 0.403027147
H 0.910035133 1.443197846 -1.504659057
H 0.557605624 -2.672558784 -1.068213940
H -1.364593863 0.018721275 1.883987308
H 0.029117689 2.552858591 -0.446417540
H 2.106795073 0.591728866 0.629198849
C -1.417530060 0.484329939 0.898878336
H 1.097257733 1.597302198 1.676148176
H -1.866720080 1.482323289 0.988925219
C -0.023842365 0.474230140 0.206629843
O -1.839941621 -1.918713450 -1.515789628
C 1.146902084 0.636485517 1.162499428
H 1.154574275 -0.154425874 1.920227647
C 0.963578284 -1.797433853 -0.559782028
C -1.409619093 -1.130369544 -0.718703330
