22

N -0.199062392 -0.336586237 -0.865534842
N 2.586362600 1.748896956 -1.236770153
H -2.913367271 -0.178440616 2.348797560
C -2.455227852 -0.085209660 0.105493508
H -1.603031516 1.217616081 -0.969427824
H -0.106845118 -1.148341537 1.866966844
H 1.252999067 -0.074398249 0.614818454
H 3.607347250 0.339387327 0.136435747
H -1.533936620 -2.182698965 1.744965196
C -1.102646232 -1.234063745 1.421776414
H 2.209856987 2.155779600 -0.379561752
H 1.861694694 0.081874497 -2.425329685
H -1.426267505 -1.964885235 -0.674943268
H 4.226145267 0.408223033 -1.592716813
H -3.384825230 -0.626906812 -0.089166880
O -2.501216173 1.117784977 -0.612015307
C 2.009753227 0.398312688 -1.386517048
C 3.398411036 0.581647336 -0.907800198
H -1.569156647 0.895294487 1.842468500
C -2.096473694 -0.041583020 1.624730349
C 0.951871395 -0.039992418 -0.442210019
C -1.212384701 -1.031710386 -0.124458708
