21

H 1.836181521 -1.468609214 -0.346653283
C 1.876367688 0.493420959 0.572038114
H 0.881656885 0.893042862 2.458022594
H 2.809617281 0.333867133 1.128435254
H 0.878163695 -0.717583299 -2.551013231
H 0.725828886 0.911973834 -1.930829644
C 0.700857818 -0.147063851 -1.628596663
C 0.713817000 0.308980525 1.551513553
H -1.257959485 -1.132698655 -1.814991474
C -2.810187101 -0.287118405 0.153670892
H 0.664095044 -0.753835917 1.845024943
C -0.680089056 0.701066315 1.059300542
H -3.260661602 -0.786337435 -0.710748971
C 1.855284691 -0.421537638 -0.661095321
H 1.895223022 1.541500568 0.241993383
C -1.328375697 -0.056315240 -0.038906168
H -3.308361530 0.680278063 0.320618331
H -3.012340546 -0.888205886 1.046719670
O -1.295824766 1.572349072 1.662368178
H 2.799626350 -0.282375544 -1.208851814
C -0.682920635 -0.494798183 -1.148018360
