17

N 0.930394292 -0.198724866 0.909391522
C -1.271504402 -0.437364429 -0.116618760
N 0.202618212 1.599891067 -0.367727876
H 2.361737728 -0.516308665 -0.641225040
H -1.082725048 -2.174083710 -1.168345094
H 2.029078722 2.148745775 -1.166093349
H 2.941105604 0.478487253 0.693529546
C -0.260291249 0.534701943 0.534435987
C -2.520632029 -0.539469779 0.355184525
H -3.209987402 -1.290028691 -0.031727836
C 2.055050373 0.238656923 0.098956712
C 1.447920799 1.457871556 -0.563056052
H -0.105256766 -0.893934131 -1.702900290
H -0.744817495 0.996640146 1.393540382
N -0.925064981 -1.185448289 -1.208174944
H -2.914415121 0.148555398 1.092967272
H 1.066789746 -0.368187547 1.887863040
