19

H -3.303841114 1.546688080 1.811819315
C -1.343060255 0.978651166 1.274940848
H -0.662803769 -2.189371824 -0.137141839
H 0.983525991 -2.282860041 -0.817440867
C 0.324446857 -0.240348697 -0.404429495
H -1.425033927 -0.287309766 -1.784496427
H -2.059685946 2.735123158 2.194207430
O 0.207807407 0.409717947 -2.769986153
C -0.567065537 0.435140908 0.552613020
C -0.343934923 -0.013417928 -1.782860398
C -2.277229548 1.668684840 2.161027193
C 0.345357925 -1.764757276 -0.096597776
N 1.663765669 0.329088986 -0.418699443
H 1.972531796 0.749576747 0.440584272
H 0.751013875 -1.941238880 0.906978309
H 2.220810175 -0.298381448 -2.167613983
N 2.611873865 -0.156963915 -1.249768257
H -2.222534657 1.278577685 3.186848164
H 3.124056339 -0.956599534 -0.899982929
