17

C -0.134542301 -2.815402031 -1.370087147
O 0.433515668 -0.593254328 -0.721001565
H -0.398975641 -1.957177997 0.613892496
H 0.874351621 -3.184690714 -1.170690775
H 1.142034531 3.302717686 -1.198178530
C -0.486236900 -1.663719893 -0.444789767
N 0.338826090 2.567355871 0.878633797
H -1.515492678 -1.310255289 -0.608668864
H -0.843073666 -3.640963793 -1.221821904
H -0.189128488 -2.497486353 -2.415248871
C 0.276896894 0.494970024 0.065630458
O -0.473479480 2.037233829 3.009358883
H -0.346722990 2.992787838 3.089805841
C -0.105931051 1.683856487 1.753952026
C 0.576589584 1.807077169 -0.230592206
N -0.181615159 0.418785870 1.341972232
O 1.032984138 2.358166218 -1.372166514
