22

C 0.746429741 -0.361491174 -0.159857258
C 1.864298940 0.489392310 -0.746793568
H 0.124512352 -2.321245193 -1.094695807
C -0.558326244 0.373804569 0.318035185
H -1.723762989 -1.690931320 0.572458088
H -1.178123593 1.259095788 -1.686252832
H 2.350325346 1.088768482 0.027988922
H 0.055502333 0.560464978 2.393509388
H 1.488393426 1.158057451 -1.516729832
C -0.164608121 -1.269366622 -1.047089338
H 0.064750947 2.086481571 1.498323083
H 2.627897024 -0.152961269 -1.209621191
H -1.472221613 1.383460283 2.004366636
H -0.325835317 -0.896183550 -2.059903383
C -1.560232878 1.019760251 -0.692002237
H 2.054980993 -1.775810122 0.587869942
N 1.324003339 -1.144625902 0.931030095
H -2.105768204 1.882045507 -0.306173801
C -1.361047864 -0.905942142 -0.110153809
O -2.407713652 -0.167547882 -0.712675571
H 0.627257466 -1.743881583 1.378475428
C -0.470711708 1.128656268 1.629891515
