19

H -1.289278269 -1.990204573 0.805470407
C -1.364037037 0.310579628 0.287427694
C 1.136411190 -0.066257268 0.745075524
C -0.761962116 -1.089384437 0.542598188
N 0.489535451 -0.993889391 -1.420553565
O -0.349731028 -1.790514350 -1.949984789
H -0.464285463 0.278515846 2.398847818
C -0.283832133 0.059622303 1.353882313
H -1.047038317 -2.242500782 -1.441142082
C -1.334330440 0.927146673 -1.011679888
H -2.271529436 1.175813317 -1.476054549
H 2.704530716 0.919809520 -0.368767232
H -2.323471069 0.395507365 0.791721761
H 1.179455280 1.827734232 -0.339393556
H 1.798429251 -0.603160143 1.440947771
C 1.839442730 1.182604194 0.234353095
N 0.578260541 -1.173167229 -0.130141407
H 2.198573112 1.763044477 1.093993187
H -0.435143203 1.108700752 -1.556600928
