17

H -1.561530352 -2.451187372 1.631635427
H 2.202157736 0.290723264 -1.938718200
H -1.374117732 1.975413203 3.643551111
H 0.702877223 0.647714257 -2.795082569
C -1.177091122 1.267037988 2.888077974
H -0.192928314 1.788621902 -0.726628721
N -0.521571577 -2.296193838 -0.207733154
C -1.017948031 -1.828979850 0.949202418
H -0.568262875 -3.225886583 -0.572036684
C 1.349659324 0.986000955 -1.993084669
C -0.678748548 -0.488063991 1.011247754
C -0.955769479 0.447888106 2.031748295
C 0.617547274 1.056820154 -0.652370811
H 1.741539001 1.972118139 -2.268950939
C 0.025018414 -0.234882593 -0.197397038
N 0.124801517 -1.349073648 -0.924978852
H 1.284367681 1.441929817 0.121518224
