18

C 1.012864113 0.830099940 -0.748672664
H 2.282759905 -0.418845773 0.568415046
H -0.298940420 1.794206262 -2.946452856
C -0.226228356 0.538156271 -1.194793582
H -1.835655451 1.672538638 -2.091902256
H 0.088357434 -2.142714024 3.047774792
H -1.273426175 0.320078939 -3.067233562
C -0.948118448 1.115426779 -2.389184713
N -0.842127025 -0.434938639 -0.410658866
C 0.019221446 -0.489501178 2.048672199
H 0.258448184 -2.047006369 0.428742528
O 0.904649913 0.594964921 1.772473693
C 0.089601196 -0.971278667 0.568103135
C 1.281781793 0.009047247 0.484715223
H 1.687554240 1.532567024 -1.203153610
O 0.610586345 -1.335256815 3.002372980
H -1.837173104 -0.423243314 -0.259452969
H -0.974156022 -0.144301593 2.390234232
