15

C -2.442108631 1.934814334 -1.667569041
O -2.848690748 2.709884405 -2.479955435
H 1.925898433 -2.139152050 2.826170921
C 0.641383171 -0.580955207 0.391082317
O -0.625183344 -0.964029372 0.610185742
N -1.481449127 -0.133123443 -0.105292432
H 1.525838494 1.037616134 -0.840141714
O 1.311592698 -1.526520491 2.422736883
H 1.790925741 -2.342359543 0.559820592
C 0.679697156 0.481479973 -0.469742060
C 1.694314122 -1.370454431 1.076115131
C -0.687691689 0.687120497 -0.746375680
H -3.032531977 1.441038489 -0.888677299
H 2.659796000 -0.851832271 0.952162087
O -1.111790657 1.616473317 -1.640519738
