20

O 1.155646086 -2.472655058 -2.223250151
H -0.247389182 3.567128420 2.954833746
H 0.764188588 2.290661573 3.629533768
H -0.722002566 -3.507484198 -3.205999613
H 2.128203869 1.445771575 0.910534263
C -1.568676591 -2.896010160 -2.893440008
C 0.846306443 -0.029900646 0.188643366
C 0.540190935 2.855396509 2.719457865
H -0.790527582 1.397340536 1.845555902
C 0.125697404 1.939379334 1.583016515
C 0.556838393 -0.826430440 -0.655345976
H -0.114371650 2.518829584 0.682330549
C 1.223081589 0.911250710 1.224457622
H -1.706744313 -1.300605655 -1.493710756
N -1.060208082 -1.900822997 -1.972673535
H -2.317895174 -3.529896975 -2.413281679
H 1.432688355 3.432356358 2.455672979
H 1.503251314 0.351285636 2.129989862
C 0.270100772 -1.811858177 -1.684976697
H -2.018378258 -2.433737755 -3.781347513
