15

H -0.366074085 -1.206545472 -1.219466448
C 1.263977408 -2.536277056 -0.537186384
N 0.463776559 -1.331652641 -0.651823819
H 1.017475128 -3.172558069 -1.390774965
H 1.052545667 -3.071315289 0.391584545
N -2.029699802 1.847651839 -0.404017061
N 0.596480370 -0.373223037 0.267937094
H -2.163784742 3.768152475 0.397509366
C -0.213225424 0.741227746 0.342155486
H 1.319459677 -0.473021954 0.975265443
N 0.175413638 1.701083779 1.222236633
C -1.587655187 2.837579250 0.404112637
N -1.307444572 0.740968525 -0.454037279
H 2.332222223 -2.282048941 -0.587972760
N -0.553466499 2.809978724 1.244477510
