21

N -0.820872545 0.678174555 -0.522857070
H 0.955736399 -1.442234278 -1.857662916
C 1.715068102 -1.187694073 -1.119953394
C -0.047205269 0.136061400 0.316959411
C -0.398929596 1.212427139 -1.810825944
H -1.046927094 2.077251911 -2.029009104
H 2.724885702 -1.072609782 -1.534520626
H -0.480971783 -1.107612729 1.975251555
O -0.477104783 0.294663876 -2.890915394
N 1.548793674 -1.809694409 0.200963840
H -1.960774541 1.601998091 1.855953336
H 2.454154968 -2.021389484 0.615396678
C -0.518880963 -0.030953683 1.748621345
C -1.910396934 0.534556985 2.055499315
H -2.662491560 0.050638828 1.427722812
H -2.166432381 0.373526365 3.105936527
C 1.354312420 -0.352501899 0.059570231
H 0.232574731 0.438843101 2.409219027
H 0.644298434 1.557912707 -1.781043530
H 2.141083241 0.281694382 0.474424720
H -1.279920459 -0.213058859 -2.698730707
