16

H -0.026585525 -0.384609401 2.119478464
C 1.507583618 1.396145701 0.786267638
C -1.395210385 -1.297739267 -0.986757398
C 1.240964413 -0.022476114 0.338296026
O -1.376943946 -2.310135365 1.188973188
C -0.977421224 -1.426619887 0.464313745
H 1.742214680 -0.542615652 -0.458630323
C 0.137127578 0.936037600 0.411201715
H -1.952586055 -2.204401731 -1.260367513
H -0.540826857 -1.175011754 -1.643076420
C -0.058669180 -0.415857941 1.033344269
C 0.366685390 1.858865738 -0.697248101
H 1.948776484 1.664407134 1.744820833
H -2.037644386 -0.420815855 -1.105975032
N 1.545751929 2.347566366 -0.298510313
H -0.123216219 1.997260451 -1.636130929
