16

H 0.981267869 -2.164355040 -0.785997927
H 0.516430855 2.079211712 -2.589984655
C 0.110219061 -1.114243150 0.865320027
H -1.052117586 2.122272253 0.679588675
H 0.251183808 -3.051890850 1.527643085
O -0.900351346 0.231241435 2.502280712
C 0.540819645 -1.225802064 -0.443263888
C 0.446258217 -0.156184614 -1.338874340
C -0.502134800 0.141910374 1.335005045
C -0.587320983 1.196061015 0.359479278
H 0.797534049 -0.273939699 -2.356026173
H -0.306123286 3.013646126 -1.466266632
H -0.236818150 -1.871873617 2.686371803
N -0.202136517 2.101499557 -1.874643207
C -0.102361642 1.062011838 -0.924111605
N 0.245650858 -2.089565039 1.823479652
