19

H -2.717142582 -0.074255757 -0.586373270
H -0.353052288 0.917562723 -2.656304359
H 1.704102635 0.790247738 2.260984182
C -0.792795718 -0.983812869 -0.162550226
H 1.335308433 1.858193278 1.011388063
N 0.131342664 -1.251711607 0.999043643
C 0.229414493 -0.002159525 -0.754180491
C 0.051821969 1.147647500 -1.635028601
H -1.947081923 0.515848756 0.891452432
C -2.112355232 -0.371673465 0.284926295
H -2.686235189 -1.088070631 0.859015942
H -0.325943351 -1.040199757 1.875895500
H -0.959899962 -1.873208880 -0.768196821
C 0.938343883 -0.090235494 0.615501285
H 2.410069704 0.255119354 -0.955912292
N 1.099550486 0.996213615 1.492304444
H 1.914560556 -1.516212106 -0.793854713
C 1.685585976 -0.469648153 -0.607460737
O 0.394405603 2.280354977 -1.370650530
