21

C 1.929589868 -0.414167553 -1.173167586
C 0.798431396 -0.615178347 -0.158770815
H 3.883967876 -1.212336302 -1.707952261
H -4.170240879 1.970071435 1.678342581
C -1.467279077 0.215578407 0.717744589
O -2.369777679 2.353800774 0.029722309
H -1.095409751 0.072081797 1.745204091
C -0.296627402 0.457517743 -0.237759426
H -0.680474520 0.526941419 -1.258973718
H 0.351445138 -1.617661715 -0.297217816
H 1.221820474 -0.617292285 0.858033359
H -1.987398028 -0.712825537 0.457672447
C 3.105760813 -1.362736464 -0.956439495
H -3.535232306 0.473474592 2.279510498
H 0.131743044 1.444324255 -0.022802582
C -2.471374512 1.367616057 0.732974052
H 3.568739176 -1.216315627 0.029263619
H 1.517256260 -0.546119273 -2.182583094
N -3.516416550 1.217844248 1.601873636
H 2.793778181 -2.407891512 -1.006639481
H 2.287698269 0.623273551 -1.128034711
