21

O -0.496896505 -1.221853495 0.777803421
C 0.488577753 0.121474199 -1.536222219
H 1.247390389 -2.081464767 1.308235168
H -1.445217490 0.532548666 1.364432812
C -0.290255725 0.893832743 -0.412745684
C 1.660288930 -0.040744085 0.721094787
C 1.072451830 1.239160657 0.236723259
H -2.231608152 -1.019705415 -1.180266500
H 1.363755584 2.218745708 0.608399570
C -2.469403505 -0.437114418 -0.279566258
H -3.076728106 -1.059157252 0.379200041
C 0.778070629 -1.089240074 1.368311644
H -3.054852009 0.444494426 -0.572435677
C -1.183425546 -0.011174346 0.439194560
H 0.506227732 0.690803647 -2.471424818
H 2.610591888 0.087368719 1.250890017
H 2.761721849 0.386485428 -1.196493149
H 0.162482724 -0.901041567 -1.739869237
H 0.666679084 -0.827658355 2.435497761
C 1.776637673 0.304373920 -0.747626781
H -0.846489549 1.769865274 -0.753132999
