22

H 0.373150557 2.626456022 0.650096774
H 0.045036066 1.395680547 -1.640179753
C -0.135287941 0.665955663 1.660972118
C 0.297565013 0.835202098 -0.746956468
C -1.025432467 -0.208471060 0.871101737
H 2.193549395 0.163041681 0.239073396
H 1.146340728 -1.729308963 0.241371945
C 0.370598733 -1.753783107 -0.522045970
C -1.639980197 -0.603616953 -1.514724135
H -2.021879911 -0.429176897 1.173915982
H -1.240398765 -0.741692007 -2.529663324
H 0.832055271 -1.881096721 -1.502187729
H -0.247728795 -2.639592886 -0.330693483
H -0.706229746 1.269031763 2.383441687
C 1.679753780 1.012717247 -0.179341480
C 0.484904736 1.562578917 0.561147332
H -2.260209322 -1.484638929 -1.300355196
H -2.290227175 0.279504210 -1.508302093
H 1.491630316 0.505200624 2.737326622
H 2.327061653 1.737377882 -0.658940256
O 0.829471290 -0.108398527 2.392874479
C -0.503742874 -0.472970247 -0.477932006
