18

C 1.308555961 -0.791735947 -2.216131449
C -1.035016894 -0.582555473 0.579394400
C 0.131188929 1.193517804 1.882414937
O 0.464422673 -0.227701664 -1.221996069
H 1.041432500 0.932123721 -2.887211561
O -0.400278926 1.759298086 0.659715533
C -1.502354145 0.854615033 0.712572634
C 0.155210972 -1.046321630 -0.174199983
H 0.882443547 -1.732527375 -2.580493689
C -0.981010973 0.154295087 1.928249478
H 1.156002402 0.822611511 1.784573793
O 0.788951397 -2.038163900 0.111240394
H -1.845508099 -1.303726196 0.573918760
H 0.084935881 1.927711248 2.695421696
H -2.470379353 1.202542901 0.400538236
H 2.287872076 -1.012838125 -1.775138021
O 1.412236929 0.133856252 -3.265959740
H -1.478705525 -0.245001346 2.793090582
