19

H 1.148870468 -0.196576893 -3.457893610
C 1.323804259 -0.575626910 -1.555423856
H 1.049627542 -1.636884093 -1.620060682
O 1.828158855 -0.101803668 -2.790947199
H -0.615177512 -1.324268460 0.218687311
O -3.648180962 0.274528772 1.495437741
H -2.381392717 -1.311911345 1.273226738
O 1.328763247 -0.944755554 1.779040694
C 0.634903371 -0.037452634 1.386273861
H -0.068311475 1.866212606 1.607004762
H 0.423614144 1.301220179 -0.983597279
N 0.695659757 1.256559014 1.817857265
H 1.347947240 1.488778830 2.541141748
O -1.617120504 0.456854939 0.583868682
H -0.688207984 0.210039064 -1.807139635
C 0.125954404 0.256551534 -1.069406748
C -2.626349449 -0.233598262 1.167812347
C -0.411062896 -0.245158657 0.263228327
H 2.148500204 -0.502708495 -0.849110365
