18

H 0.227929801 -2.643962622 0.731587410
C -1.046252012 0.233663633 0.292053044
C 0.978126585 1.413874865 0.155971035
H 1.638222456 -1.828017712 0.032094371
H 0.255064845 0.741640329 2.256841660
H 1.083113790 -3.386296749 -0.635789454
N -0.070115604 -1.677073717 -1.163423538
H 2.032671213 1.599234819 0.323295861
C 0.761070251 -2.431427240 -0.204705477
C -0.938140690 1.509318829 -0.597960711
H -0.247666165 3.300310135 0.885668874
H -1.700047135 1.872092128 -1.279738307
H -0.944668651 -2.197682858 -1.323425412
C -0.205966160 2.286733150 0.522859335
C -0.001516911 0.951639414 1.230917454
C -0.251306057 -0.392082155 -0.799421966
N 0.376390517 0.853744626 -1.147581100
H -1.946909785 -0.205709398 0.720756769
