19

C -0.877020419 -0.169814199 -0.290663034
H -0.965939701 -1.844949245 -1.672759056
H 1.318456411 1.761458516 -1.765323639
C -0.663226604 0.912172258 -1.384493828
H 1.092661619 -0.018262044 2.661853313
H -1.944653511 -0.234797731 -0.033436000
H -1.409162521 1.703618526 -1.308483124
C 0.514742792 -0.578463316 1.927670002
C -0.048452418 0.393133104 0.897748291
C 1.052034378 1.206092358 0.213556886
H 1.186231613 -1.308233738 1.479206800
H -0.679937541 1.135690331 1.404453039
O 2.065473557 1.632631063 0.726949632
H -0.561367095 -2.306941271 -0.014856476
H -0.715794384 0.494949698 -2.393861532
H -0.282524258 -1.111109257 2.449767828
H 0.655026317 -1.534245133 -1.034411192
N 0.667909622 1.407977819 -1.088060260
C -0.404458195 -1.540907145 -0.774857640
