17

H -0.602500677 -2.311765194 -1.032046795
H -1.675785065 -0.895949185 0.591574073
C -0.521272421 0.570941150 -0.606274128
N -0.138934568 -1.424252629 -0.880786300
H 0.097521976 -0.107051976 -2.638633966
H -1.601696372 -0.498403698 -2.195400715
H 0.651682436 -1.228132606 1.957622528
H -0.614321172 2.191601038 0.697338820
C -0.582485259 -0.336990893 -1.825348735
N 0.760438561 1.245584607 -0.353849769
H 2.100308657 -0.168189794 0.339851260
H -0.268116713 0.252392322 2.244061708
H 1.898758650 1.201750875 1.439428091
C 1.365872383 0.507351458 0.776226044
N -0.482122242 1.952604294 -0.286343038
C 0.266010284 -0.323540390 1.478520274
C -0.653358698 -0.627948940 0.294060796
