19

H 1.659197569 -1.937012553 -2.522201300
H 0.032231856 -1.220113754 -2.623749495
C 1.263266921 -0.219710350 -0.115393557
H -2.092585802 2.154994965 0.739643753
C -1.964805484 1.386577487 1.511710882
C 0.937971711 -1.293656111 -2.015910864
H -2.720096111 0.622849464 1.353002191
H 0.173350215 1.550868988 1.674554944
H -0.737686396 0.671294034 -0.648607850
H 1.086273551 -2.562744856 -0.142387941
H -2.161897421 1.859453321 2.483940125
C 0.716367662 -1.604903221 -0.512150824
O -0.606355727 -1.292558789 -0.011348539
H 1.986661792 -0.014160218 0.668585420
C 1.582982421 0.053644810 -1.588299632
O 2.129159927 0.946101129 -2.165863276
H -0.461673617 0.018948287 2.267910957
C -0.249528274 0.111767642 0.159866050
C -0.572834253 0.768359780 1.486699104
