18

C -0.314073294 -1.306726456 1.632282257
C 0.357327849 1.319411159 -1.075481415
H 0.260559201 -1.023008585 2.515587568
H -0.410708934 -2.381306171 1.499325752
H -2.355207205 -0.918579519 0.812391937
C -1.472915649 -0.436687559 1.227948546
O -0.402609199 0.295468092 -1.747822165
C 1.569106102 1.628401160 -1.850474238
H -1.688670278 0.442329854 1.829991221
H 1.774911165 0.436116010 0.355171382
N 2.534752607 1.874534845 -2.441232443
C -0.249290451 -0.920194209 -1.024216771
H 0.675471067 -1.441329479 -1.313030243
C -0.202544063 -0.451423854 0.414859056
H 0.562767744 1.485223532 1.129444718
H -0.251879036 2.212950468 -1.046922088
C 0.718294561 0.750938058 0.330704898
H -1.105292082 -1.566117167 -1.248527765
