14

C -1.195767879 -1.038331032 -0.726180553
N 0.104398198 -0.954942763 -1.432703376
N -0.949993372 -0.924305499 0.727493823
N 1.494684339 0.876825571 -0.617208600
H -1.809945941 -0.200018793 -1.084817290
H 0.012341214 2.970686197 0.125859335
H -1.087385297 -1.777863622 1.247662306
C 0.854668617 -0.372104347 -0.600489318
C 0.370472282 -0.331817895 0.840412676
C 0.501887918 1.176259398 0.459533125
N -0.064644471 2.222764730 0.806113422
H 1.021874785 -0.668181419 1.646899104
H -1.720244408 -1.965649843 -0.959561050
H 2.467654228 0.986679614 -0.433013648
