18

H -0.308030248 -0.217541814 -1.496499419
C 2.957248926 -0.428070605 -1.379746079
H -0.489660144 -0.731207907 1.546512842
H -2.757126570 -0.691497862 -1.564984679
C 1.425189614 -0.020624613 0.713591099
C 0.418748885 1.127239347 0.776693702
H -2.791386843 -0.923116863 0.188484505
H 3.581728458 -0.594542146 -2.224266052
C 2.255278826 -0.236624122 -0.429915369
H -0.622877300 1.917572856 2.177183390
H -2.457297802 0.670009494 -0.472856879
C -2.285469294 -0.399431229 -0.619513154
O 0.317628235 1.771583080 1.995468378
H 1.879154682 -0.228829414 1.676328897
H -0.629600883 -1.784896612 -0.794665933
H 0.374133199 1.773537755 -0.096898094
C -0.088601820 -0.288992792 0.642647207
C -0.779059589 -0.714566529 -0.637564480
