17

N -1.047129035 0.772798538 -1.075195074
H 0.173955649 2.499021053 -1.170833468
H 0.417982578 -2.513669729 1.393277884
C 0.153021321 1.460383773 -1.530524015
C 0.143359318 -0.546415567 0.549544334
C -1.115614653 -0.037070937 0.042673554
H 0.121520035 1.510291934 -2.626536846
C 1.384418130 0.753350258 -1.091973543
C 0.192490101 -1.492462993 1.707277775
H -2.304439306 -0.754181802 1.367956996
H -1.948469877 1.152786255 -1.327423096
H 0.973216116 -1.210055828 2.426813126
H 2.253377438 -0.634510517 0.229776666
H 2.323332310 1.031291366 -1.555085063
C 1.329017043 -0.168561012 -0.096068189
N -2.304179430 -0.284737080 0.489277154
H -0.745858014 -1.538257837 2.267042160
