20

C -1.062351108 -1.415559888 0.480358511
C -0.893812656 -0.429080248 -1.693610430
N 1.282360077 -0.318650573 -0.418909401
C 1.615372300 1.002497077 1.703355670
H -1.027305603 0.134533420 2.009278059
H -1.532163024 0.127158463 -2.391255617
H 2.236762524 0.007126875 -0.585240185
H -0.369425714 -2.168514013 0.086933546
H 0.695138395 2.362114906 -0.353998989
H -0.961576045 1.764912367 -0.070176765
C 0.690399528 0.439694583 0.738758624
H 0.212563887 -1.115389228 2.171245337
H 0.812744796 0.755045295 -2.258989573
H -1.857623100 -1.936711192 1.037283897
C 0.068860263 1.473152518 -0.252729952
C -0.324788511 -0.492680907 1.445223451
H -0.551072180 -1.349252820 -2.187016964
N 2.357609749 1.484515429 2.458024740
O -1.732703328 -0.738344371 -0.582422197
C 0.341009706 0.413432568 -1.336111426
