18

H -0.459781110 -0.542246580 2.518430710
O -1.526377678 0.882544994 1.674218178
C -0.588364065 -1.220851183 -0.924068391
C -1.002107263 -0.339560151 -1.999455810
N -0.602443159 -0.981378078 0.519062996
H 1.674014091 0.245612308 2.036877394
H 0.888804913 1.756248116 1.598252296
H -0.889740765 -2.244790792 -1.103530407
C 0.935599327 0.701889992 1.368656397
C -0.437056422 0.011023962 1.573776841
C -1.324902892 0.317419082 -2.943320274
H 1.360252023 -1.863426566 -0.040772256
H -1.635535717 0.914351702 -3.764745474
C 0.699427485 -1.012972593 -0.215588138
C 1.287121773 0.397052705 -0.106910482
H -1.517789125 1.475971103 0.921547413
H 0.783556163 1.064568281 -0.802346885
H 2.355322599 0.438544005 -0.310084909
