18

H -1.505054355 -1.196502209 -2.681735039
C 0.482122928 0.451131999 0.204543605
H -0.453296810 1.928625584 1.690252781
H -2.337692976 -2.440675735 -1.723881245
O 1.668456674 0.779383361 -0.550394595
H 3.159920454 2.187163115 -0.297720790
C -1.972062707 -1.408790708 -1.713832378
H -2.818730354 -0.735088587 -1.596470714
H -0.119507492 -1.899856687 -0.691778243
C 2.222305775 1.821593404 0.114037499
H -1.435684443 -1.406984806 0.389025480
C 0.766048312 0.002891242 1.617792249
O -0.512166739 0.134273946 -0.643283844
H -0.015253685 -0.530927896 2.124615192
C 0.451700956 1.479374886 1.320475817
H 1.772915244 -0.261006504 1.922798038
C -0.972214699 -1.219538450 -0.601585865
N 1.618193746 2.314934492 1.117142797
