15

N 1.245565414 0.717394173 2.483644247
H -2.340355396 -0.633558273 0.282489866
H 1.379000425 -0.084883183 3.105685711
C -1.293605685 -0.347924739 0.209892109
H 1.294037580 0.020502761 -2.248845577
H -0.918065965 -0.463692963 -3.069615602
N -1.335149407 -0.780169129 -2.213987112
C -0.678830743 -0.361786455 -1.052918911
H 2.394630671 0.626099586 0.053603105
C 0.616050065 0.325998634 1.287915468
H -2.341889381 -0.699419737 -2.206138849
C 0.677711189 0.009495636 -1.076812744
N -0.675949514 -0.033060327 1.341808438
H 0.638544321 1.354867339 3.011722803
C 1.338305950 0.350136697 0.091557272
