17

H 1.003244042 -0.229396254 -2.292772770
C 0.759700835 0.602145016 0.657579184
H -0.080636740 2.150257587 -0.912111580
H 2.205824852 0.732996583 -1.396130562
H -0.453382760 0.551669776 2.622252703
C -0.361342698 0.206792817 1.591658473
H -1.263321519 -1.888768792 1.785377264
C 0.119649217 1.106916070 -0.689990997
N -1.647055387 0.133634329 0.828202128
C -0.243766755 -1.178614378 -0.229738727
C -1.038846254 0.127393350 -0.574840248
N 1.158648014 -0.650396287 -0.117501706
C -0.858328164 -1.097139597 1.168890476
H 1.608300447 1.145379186 1.068342924
H -0.323766023 -2.087391376 -0.824002504
C 1.219791770 0.260052532 -1.337118626
H -1.804713368 0.114469364 -1.348095417
