19

H -1.015709043 0.975490212 -0.350714386
C 2.016924381 -1.501571417 0.393474817
C -0.423135102 0.675692916 -1.213872433
H -1.141014695 0.871466756 4.072875023
C 0.012316554 -0.335820735 1.287751794
H -1.653700352 -0.814242482 4.014280796
N 0.576750100 -0.140755281 -1.057140708
H 0.842642367 1.292249322 -3.447413921
H 2.571872950 -1.584722638 -0.534803689
H -0.670742035 1.878358483 -4.202542305
O -0.897990108 1.246238351 -2.312607527
H 1.692776680 -2.497189283 0.728429139
H -0.390943199 0.146940351 -3.986409187
C -0.228063181 1.121545672 -3.548379660
C 0.820954502 -0.611959517 0.191182315
C -0.693698943 -0.124433279 2.264049530
H -2.544656754 0.414671451 3.105448008
H 2.671677351 -1.110850930 1.186391354
C -1.546261787 0.098891623 3.410002470
