22

H -1.758679628 0.224788785 1.810851455
O -1.207724690 -1.256609440 -0.072247922
C -1.599503398 0.853512645 -1.145213604
H 2.500827312 0.258514613 1.046648741
H -1.084568024 -1.644424677 -0.953804493
C 0.441630602 0.259712726 2.008106709
H -0.976175785 1.739640832 1.314553618
C 1.453175545 -0.011669452 0.945122004
H -1.501173019 0.404509544 -2.144839287
C 1.301443100 -0.735348880 -1.517532349
C -0.755405724 0.112694308 -0.125168353
H -2.666486740 0.800298095 -0.866991758
H 1.215485930 -1.791706920 -1.217974305
H 0.687235475 0.714309335 2.964776754
C 0.787368417 0.201462656 -0.413957536
H 0.989199460 1.238454103 -0.708728254
H 0.264073908 -1.667872071 1.350468516
H -1.310691595 1.907350183 -1.219687223
H 2.360226631 -0.548096418 -1.723546624
H 0.769799411 -0.599265277 -2.467589855
N 0.962462485 -1.097983360 1.813647985
C -0.872520149 0.637728572 1.323105574
