23

H -2.174602509 -1.031815052 2.271049738
H -1.314229846 1.684894681 -1.328960180
H 0.619941413 1.560737610 1.038024783
H -1.164456606 -2.735256672 0.748660862
C -1.375276566 -0.768018067 1.575751543
H -1.189059138 2.898511887 -0.048075031
C -0.102682397 1.047194958 0.375222623
H 1.275220156 -2.146036386 -0.132982329
C -0.131816760 -0.934456229 -1.315336823
C -0.537632763 -1.896758318 1.087760448
C -1.186824441 0.514614582 1.261190653
C 2.066715479 0.341389507 -0.766587734
H 2.575291872 -0.495909274 -1.252727151
H -1.205002546 -0.790479124 -1.372091770
C 0.408586949 -1.490540385 -0.027211860
H 2.076908350 1.189251781 -1.463689327
H 2.659190893 0.634613216 0.106333748
H 0.329168826 -1.221738100 -2.254858255
C -0.639467418 2.122658253 -0.592585802
H -1.857157946 1.265164137 1.679587245
C 0.652479708 -0.048531175 -0.374335051
H 0.040107224 -2.306814909 1.926388621
H 0.174598485 2.607322931 -1.140529037
