14

N 1.898522019 -2.013010502 0.617630601
O -0.206995174 -0.100264199 2.556158543
C 0.844721496 1.033995628 -0.561148405
H -1.575386643 -1.472805858 -0.306938529
C 1.097712159 -1.210192323 0.402770311
H -1.757211924 0.171874166 -0.934017658
H 1.690263987 1.380045176 0.052062739
C -0.493732184 0.306842893 1.470372438
H -1.277455330 1.073821783 1.320462465
C -1.043185830 -0.642133296 -0.769611001
H -0.676053107 -0.962604761 -1.737872720
H 1.236426592 0.727385461 -1.528839946
H 0.142351374 1.857492447 -0.711538494
C 0.120022669 -0.150446519 0.130509183
