16

H -0.076441601 2.378491163 0.223375812
C -0.974713385 -0.338415504 -0.588737786
C 0.580354869 -0.526408553 -0.648313820
N 0.252933979 -0.988305748 0.798481941
H -1.643400192 0.024627719 -1.371568203
C -1.010568857 -1.647180319 0.207352549
C -0.572172463 0.333043039 0.770507753
C 0.418648601 1.462511301 0.549990714
H 1.272677660 1.352278233 -1.497406840
H 1.012086391 -1.303173780 -1.271748424
H -1.808420777 -1.802125096 0.926402569
H 2.350414753 0.689836979 -0.255214304
H 0.980997205 1.698918819 1.461594343
H -0.778164327 -2.576573372 -0.325365186
C 1.306095839 0.811169624 -0.548636556
H -1.310328126 0.431305587 1.569285393
