25

H -0.452458382 0.458626956 1.563971281
H -1.555660605 2.279063702 0.197743312
H 0.838528335 -2.070721865 -0.263184577
H -0.228573039 -1.663095474 -1.615061164
C -1.131463051 -1.237433076 0.340523064
C 1.773229122 0.443843007 0.177499801
H 3.186266184 -0.011109843 1.773536563
H -0.690160334 0.736323655 -2.226373196
H 2.536998034 0.340676069 -0.601515293
H -2.410974026 1.041672111 -0.726402760
C 0.412764460 0.129137754 -0.436008573
H -3.073458433 -1.371093035 0.220508426
O -2.326018333 -1.553393364 -0.345541328
H -2.700078726 1.217376709 1.001737356
H -1.060615659 -1.827600956 1.271650314
H 1.514646411 -0.306638151 2.228486300
H 2.346055746 -1.424947977 1.161421061
H 1.054303288 0.633836687 -2.449638128
C -0.805251062 0.268507421 0.553158164
C 0.069876999 -1.392460465 -0.603010178
C -1.925572157 1.257292390 0.230303258
C 2.221995115 -0.376505673 1.396005154
H 0.353872389 1.994442582 -1.565116763
H 1.788066983 1.513819456 0.459528595
C 0.263680756 0.920382082 -1.744220495
