21

H 0.777518630 -2.353308916 3.653338194
C -1.058253527 0.580101728 -0.898354769
C -1.534347296 0.420299321 0.580470383
C 0.767817736 1.116535306 0.519935429
H 1.643387675 -0.336219907 -1.688724041
C 0.248245686 -1.004659772 1.905502081
H 0.583710551 -1.444867134 -2.559108257
H -1.770002961 0.685991347 -1.723082304
C -0.268912435 -0.746327758 -0.687785029
C -0.092037767 -0.152498782 0.772724092
H -2.312872410 -0.333787769 0.698724508
H 0.729320943 1.798012733 1.370524406
H 1.444065094 -2.005069971 -1.121746182
C 0.033558108 1.662133574 -0.754032671
C 0.919157803 -1.145353675 -1.555481076
H 1.822463274 0.872588098 0.343398631
H 0.697562099 1.725625038 -1.617657423
H -0.403982490 2.651618004 -0.591144979
H -1.783860922 1.314200163 1.140909910
C 0.530736625 -1.724627018 2.826623678
H -0.973274529 -1.580384374 -0.615034640
