18

H -1.884849548 1.058094382 0.626470506
H -0.555508375 0.293081582 -1.929266691
H 0.093353041 3.240830183 -1.682776213
C 0.386660993 -2.325680733 0.960971713
H -0.554665148 -4.211093903 0.967754424
C 0.341789722 -1.109915972 0.866750896
C -0.911157131 1.091757059 0.147260457
C -0.802661002 1.210309625 -1.406490207
C 0.340075344 2.270229340 -1.234920859
H 0.068577580 3.141243935 0.875835836
C 0.438685775 -3.752407789 1.044905663
H 0.866884470 -4.068792820 1.998271704
H -1.707266331 1.632097483 -1.842005610
H 1.051857233 -4.172082424 0.239777133
C 0.221834332 0.261984378 0.698214293
H 1.337740541 1.975909114 -1.562488794
C 0.171706215 2.213359118 0.307994902
N 1.096942425 1.251078248 0.923740685
