19

H 1.917519808 0.688550353 0.177837327
H -0.063594215 -2.665457964 -1.396578908
O -0.119430073 3.922961473 1.044752836
C -0.946796000 -0.364783555 -0.342996329
H 1.055929899 0.012021055 1.567167044
O -0.549094737 1.849703550 0.376027167
H 0.788515806 -2.893851042 0.134631619
H 2.309560299 -0.925488114 0.765148222
H -1.712316036 -1.121219993 -0.457001537
C 1.497680545 -0.225761443 0.587200105
C -1.445154667 0.804610431 0.419454336
O -2.506595135 0.866625428 0.973473012
H -1.901364207 3.010356903 1.364463449
C 0.730730057 -2.261444807 -0.752190769
N -0.059690617 0.008486593 -1.466836572
H 1.687599897 -2.363413334 -1.286258578
C 0.487223357 -0.815626323 -0.381974816
C -0.881967783 3.011761665 0.968327880
H -0.288756490 -0.538031042 -2.294645786
