23

N 0.919900835 -0.336653858 -3.168715000
H 0.654304266 -1.399109125 1.059159279
H 0.885137916 1.576037645 -4.191515923
H -1.031918168 0.500908434 -2.905464888
C -0.809718072 -0.624746621 -0.330898672
H -1.003981590 -1.832337141 1.434780478
C -0.069105029 -0.337651610 3.531284332
H -1.882625103 -0.403357625 -0.337613881
H -0.104385659 0.484736621 4.247400761
H 0.248667851 0.940660477 1.823625088
C -0.377772540 -1.003418803 1.090816975
H 1.557711482 -0.739161313 -2.488149166
H -0.672699392 -1.499925733 -0.981572986
H 0.997553229 0.565135837 -0.591609538
H -1.443676114 0.554871023 2.132604361
C -0.046214174 0.518945515 -2.446450233
H 1.884990811 1.582456827 -2.664347887
H 0.943333626 -0.756501198 3.546007395
H -0.478762090 1.514239073 -0.608281732
C -0.054287478 0.567803025 -0.935376406
C 1.073471665 1.122923613 -3.216121912
C -0.436967582 0.124345846 2.121214628
H -0.752958417 -1.120200515 3.879225254
