19

H -2.860619783 0.412164181 0.424984366
H -0.071971729 2.516746998 -0.110234365
N -0.109233014 -1.543862939 0.304872781
H 0.542341769 0.777313173 1.754355907
C 0.983721912 -1.142971516 -0.567130983
H -0.600477219 -1.207255602 -2.013113976
H 2.871618032 -0.269575447 0.139919803
H -2.897102356 -1.304797649 -0.066733249
H 1.209160328 1.748996854 -1.103580713
C -0.423431396 0.412786454 -0.741120040
C 0.464531511 1.577900529 -0.299797654
C -0.924656212 -0.492351204 0.224397302
C -2.380409241 -0.571311891 0.564943731
N 0.075855032 -0.488267601 -1.691000342
H -2.509227991 -0.882979572 1.606536746
C 1.243758082 0.991777539 0.933130622
H 1.555312037 -2.000636578 -0.955617011
C 1.824246168 -0.205292210 0.283541650
H 2.006582975 1.671616673 1.311645150
