17

C 0.209474280 -1.064714789 -0.980170310
H -0.602497518 2.136604786 -0.274742603
C -0.581969500 0.665167868 2.179776907
H 1.822949052 -0.093877465 1.155712605
H 2.220482349 0.024382006 -1.345877409
C -0.045313407 0.371558994 -1.445194483
H -0.147062629 0.617099166 -2.502410650
H -1.493750691 -1.445671916 0.367411703
C -0.828672886 1.064796448 -0.344239116
H -1.910497189 0.924766004 -0.404669225
C -0.177899808 0.286235273 0.837203681
C -0.441357017 -1.193043113 0.397263974
N 1.275694728 0.529864550 0.553042352
H 0.071589381 -1.897958875 1.046339512
H 0.266867995 -1.889989257 -1.680602312
N -0.925628424 0.963428140 3.256201744
C 1.287591457 0.001352283 -0.815046132
