15

C -0.289365768 -0.978701472 1.260229111
H -1.397081494 -0.202441961 -1.841956854
H 1.402181864 -0.795231223 -1.212221146
H 1.508961916 -0.155565739 1.873682857
C -0.674972117 1.230559587 -0.142672002
C -0.756106019 -0.107082792 -0.964024365
N 0.675063372 0.004740207 1.345521331
H -1.747751474 -1.880481005 -0.007515495
H -0.456271201 -1.592297554 2.132525682
C -0.986419857 -1.114536047 0.105734862
H 1.528329849 1.680187464 0.377839118
C 0.792959452 0.107952602 -1.159632206
O -1.400905609 2.149436235 0.057002097
C 0.797773421 0.897808194 0.191728100
H 1.003603458 0.755653381 -2.016241074
