18

C 1.263028741 -2.952147722 -0.475650877
C 0.808478594 0.532254815 -0.033261966
H 1.541656375 -3.835994005 -0.978886247
H -1.915987134 1.147816539 0.310587555
N -0.472403526 -0.765283167 3.012140751
H 0.123806067 1.813628078 1.406429529
H 1.757036686 0.462990075 -0.585052550
H 1.070017338 2.511307478 0.293575555
N 0.979468226 1.679153919 0.870044351
H -2.479230881 0.758211553 -1.318662405
H -1.958652139 -0.525768995 -0.226512909
C 0.971073806 -1.957597136 0.102331251
H -0.196557418 1.615380764 -1.577508688
C -1.744773388 0.496937931 -0.553998530
C 0.644832075 -0.753763080 0.726111531
C 0.071843363 -0.772117019 1.983227134
C -0.322749645 0.650156975 -1.093531251
H -0.140886977 -0.105167508 -1.861382365
