21

H -1.735565305 -1.074605584 -1.979470611
C 0.930889904 -1.579707265 -0.186155260
C -0.902261674 -0.634655654 -1.429133296
H -0.117002316 -0.384089917 -2.152323008
H -0.356353104 -0.194042906 1.978923678
H 0.199718341 1.922872186 -1.180758357
O -0.459233075 -1.634235620 -0.515001833
H 2.489918232 -0.471252710 0.767037988
H 1.133932590 -2.499480486 0.351829231
C 1.417857647 -0.396075606 0.629410625
H 1.650541544 1.767860055 0.751172125
H -1.946694970 -0.686717272 0.614186168
H 1.506364465 -1.627209425 -1.128817320
C 0.880157471 1.022997856 0.611559212
H 1.203700662 0.359049827 2.712111712
C -0.245483428 1.538397312 -0.261985481
C 0.648617089 0.145477042 1.813969851
O -2.196596622 0.221625641 0.421399564
H -2.020259142 1.185285449 -1.363926530
H -0.699869037 2.405553579 0.228763133
C -1.382379174 0.612953663 -0.682791293
