21

N 0.154760242 1.612027287 0.046519093
H -1.030776620 -0.992924452 -2.975820303
C 0.381769270 -0.716215491 0.978579819
N -0.988643110 -0.131483003 -1.073810577
C -0.856385350 1.045481086 0.945590436
H -1.846143246 -1.006530881 0.653910995
H 1.246984124 -2.276061535 0.213750422
C -0.823098540 -1.293026090 -1.942135572
C 0.584075749 0.786989212 1.207803011
H -0.461545408 1.696834922 -1.958223462
H -1.602669477 1.680471182 1.396219134
C -1.017852902 -0.369550467 0.351811260
H 0.245825812 -1.212730527 1.948441625
H 1.216951132 2.123602867 2.571543694
H 2.415681601 1.356108308 1.744161248
H 0.173097357 -1.749542832 -1.907100916
H -1.561364055 -2.054273844 -1.669710517
O 1.389786839 -1.344307065 0.222483128
H 0.929698527 0.630472660 -1.649538755
C -0.047088858 0.957269371 -1.260316014
N 1.496937037 1.257390022 2.155842304
