17

H -1.660553575 -0.495170116 1.370614409
C -1.131194711 -0.245990992 0.446532786
N -1.476321220 -3.656236887 -0.970080853
H 2.572262049 1.430133462 -0.218576133
C -1.037440538 -2.622069836 -0.637119830
C -2.008507252 0.593534410 -0.362537533
C 0.343312204 0.285705775 0.659448385
H 1.281318903 -0.655112624 -1.153653860
H 0.099546082 2.430773020 0.686336815
C -0.521729529 -1.442149401 -0.238229915
H 1.599026918 -1.592193365 0.316141874
H 0.631642520 0.218293518 1.712022662
O 2.048223495 1.988585711 0.362523556
C 0.876916409 -0.934455693 -0.176860586
N -2.697893143 1.264156699 -1.007677794
H 0.404612184 1.757232070 -0.922212660
C 0.676779389 1.674963474 0.133328676
