21

O -1.394538522 -0.016118057 1.599113226
H -2.645787001 1.620833635 1.833526015
H -2.528294802 -0.065216355 -0.142474309
H -0.708979726 0.161677524 -1.666659713
H 2.801728964 -2.472520590 -2.044699430
N 0.842229664 -0.411345392 -0.414741367
C -0.826488853 2.237094402 0.848839998
H -1.466150880 -1.457813740 0.190412909
C -0.440526575 0.264527500 -0.612862885
H -0.770932496 3.293343782 1.080514312
H 3.221269846 -1.019108653 -1.083859444
H 2.885666847 -2.556479931 -0.279630452
C -1.543414593 -0.373460114 0.242066503
H 0.400159061 2.317043543 -0.871616542
O 0.283827990 -2.352082968 -1.494488716
C -1.574818373 1.373937011 1.834283829
H -1.220772862 1.574167371 2.856265306
C -0.260644794 1.731131911 -0.240001217
C 1.126558781 -1.599963665 -1.044527888
H 1.210048318 -0.329686403 0.538233399
C 2.609859467 -1.919960856 -1.127693295
