18

C -0.986606300 0.487323016 -0.627005160
H 1.159490347 -1.254287004 2.489318132
O -1.895201921 0.494770110 -1.433315039
N 0.188118190 0.302449644 1.448181748
C 0.165048182 -0.990761518 2.116014719
H 0.577084601 -0.441513449 -3.984634161
C 1.206103921 0.405856669 0.394443721
N 1.022108674 0.092890427 -2.085498571
H -1.314012170 1.744568348 1.083670855
H 1.713672280 1.376811266 0.484830141
H -0.177251846 -1.817230105 1.462996960
C -1.104660749 0.674307466 0.885288179
N 0.230780318 -0.125353545 -3.092462063
H -0.773665607 -0.045848016 -2.960355520
C 0.463142037 0.307549596 -0.914090633
H -0.518440008 -0.937872231 2.979733467
H -1.935212374 0.092862263 1.283488393
H 1.979502439 -0.366523147 0.469394058
