21

H 1.809250355 0.471474081 1.547602057
C -1.268859863 0.074810371 0.064043969
C 1.179916978 -0.675985217 -0.190800235
H 0.858446240 -1.697986603 -0.400771677
H 0.779686987 0.202755690 -2.697800398
H -0.794025302 1.187284470 1.925553679
O 0.447986960 1.648317575 -0.336056501
C -1.569219828 0.630795777 1.406828880
H -2.586974144 0.972772002 1.613693357
H 1.195991635 1.856926799 -0.909447134
H -2.213796139 -1.330921769 1.250788569
H -0.642012656 -0.795313954 -2.401308060
N -1.338020563 -0.816006303 1.248940468
C 1.639097333 -0.574031353 1.270266414
C 0.070114784 0.296357453 -0.629215360
H -0.815629125 0.972998619 -2.502405167
C -0.168502629 0.164579943 -2.146746874
H 0.892340899 -0.994105339 1.936875463
H -2.114554405 0.015505446 -0.612021565
H 2.051682949 -0.490603328 -0.840981007
H 2.587080240 -1.119623899 1.402961016
