16

C -2.138954878 0.129806429 -0.311398387
H -3.216456890 0.150574014 -0.171891600
C 0.530280590 0.155161664 -0.856181622
H 1.220356822 -0.275801390 2.209712982
C 2.338917971 -0.126305506 0.406559914
H 2.594361782 0.167149976 -1.755529523
C -1.279932499 -0.124106817 0.833900809
N -1.637435794 -0.387817174 2.043351889
N -1.736796141 0.345040530 -1.518102050
H 3.329174757 -0.244791716 0.819813848
C 0.102297850 -0.047840998 0.446423054
N 1.241166234 -0.199145988 1.206479073
H -2.655026436 -0.470542073 2.116491079
C 1.956246734 0.077521481 -0.895626783
H -0.225932911 0.521060288 -2.771182537
N -0.422267437 0.330037296 -1.802819371
