13

H -2.078791142 1.020097256 1.303943992
C 1.378759623 0.235393748 -0.960762978
N 0.706119239 1.614790916 0.829464197
H 2.895627260 0.524517119 -2.054534435
H -1.148546934 -0.008311119 2.393796444
N -0.871837497 -1.323404670 -0.466425836
N -0.118531816 -1.707532287 -1.364659905
C -1.630030632 0.030886453 1.416968346
N 2.408957005 0.907520115 -1.234766364
H -2.411713839 -0.735048950 1.377265215
C 0.448790014 0.558154404 0.094244838
O 1.047244310 -0.903537393 -1.668138862
C -0.626045585 -0.213525414 0.333606362
