22

C -0.342394978 1.280045033 0.551724911
H 1.819745660 1.754045367 -2.005253553
H -2.716608286 0.794108272 2.421648741
C -1.883394599 -0.084312111 -0.216149032
H -0.960222960 1.541563153 -1.722896695
H 0.278740287 -2.521187067 1.403089285
H 0.087800741 2.205746412 0.917761743
H 2.272339344 -0.565372527 -0.018934593
H -1.483999252 -2.629909277 1.344376683
C -0.597329378 -2.323687792 0.775574923
H 2.502552509 1.915119648 -0.387927681
H 1.626808047 -0.760512471 -1.644136548
H -0.513164103 -2.959824324 -0.114429504
H 3.367330074 1.010057449 -1.635402560
H -2.833213568 -0.471318841 -0.549556911
C -0.898090184 0.935011446 -0.833386123
C 1.664803267 -0.056696590 -0.786396742
C 2.373960972 1.227907062 -1.229673624
C -1.359750509 0.262012661 1.165874720
O -1.978946447 0.165254056 2.396557093
C 0.281249166 0.152763933 -0.252368152
C -0.708215773 -0.870813251 0.419903547
