21

N 0.185247913 -2.492987156 -1.320325613
H -0.976439357 0.881334901 -0.823849320
O 0.077443898 2.597884893 -0.347388983
C -0.137621343 1.279868841 -0.250097692
H -1.391740799 -0.438147247 1.572246671
N 0.632505119 0.584808230 0.477417439
H 1.341585636 -0.767201304 -1.521019936
C 0.434716552 -0.868481278 0.472579300
H -1.484077930 2.915109873 -1.719855666
H 0.283020437 -2.623190403 -2.323944807
H 1.521923661 -2.520262003 1.393221259
H -1.706144333 3.638203144 -0.108004510
H -0.523942471 4.326623440 -1.233873248
C -0.978809595 3.394987345 -0.885777950
H -1.635229826 -1.515059471 0.177181825
C 1.556081176 -1.428944349 1.365360141
C -0.953457594 -1.257290721 0.996740162
H 2.537594080 -1.126012564 0.990737259
C 0.664519131 -1.398770452 -0.933493674
H -0.891320407 -2.139635801 1.644727588
H 1.444145441 -1.042838454 2.377419710
