21

H -0.143029854 1.857117057 -2.969546795
H -0.607346416 -1.662350535 1.933349729
C 0.625718534 0.063730389 1.338900566
C -0.403534114 -0.644853711 2.249209404
C 0.229549840 1.177487612 -0.883505821
H -0.026297355 -0.683612883 3.285643101
C -0.158845410 0.966666758 -2.321415663
H -1.352414846 -0.088468507 2.262732744
O -1.379412889 0.194099128 -2.425631046
H -0.733702004 -1.790214539 -2.873957396
C -0.285827756 -1.180835485 -0.770193279
H 1.370274663 1.315394044 2.785070181
N 1.015032649 1.394718170 1.833875418
H 0.626255155 2.135426760 -0.555398643
H 0.440559953 -1.988012075 -0.600286067
H -1.240791678 -1.542732000 -0.353478551
O 0.593571305 -0.159563810 -2.837074518
C 0.179229990 0.098241054 -0.100505851
C -0.481557339 -0.914377034 -2.268523693
H 0.183832616 1.992016196 1.895066023
H 1.548735023 -0.539876461 1.375670075
