20

H 0.586531579 3.343477249 -0.837452531
N 0.701631904 -1.542858720 -2.903310537
C -0.647538424 -0.488185316 0.101127580
C 0.395453870 2.425518990 -0.289894074
H 2.539319038 0.286993206 -0.286763608
C 0.684732080 -0.924508154 -1.921994686
C -1.395075083 -1.973351359 1.614727378
H 1.161147237 2.328091621 0.491574883
H 1.641350746 -0.145034239 1.045738339
H -2.175613880 -1.193634748 1.791069984
H -1.530495524 -0.552190542 -0.547156632
H -0.252857000 1.352460146 -1.914285779
N 1.807084441 -0.296325475 0.062946893
H -1.925795317 -2.848412275 1.245465875
N 0.489867300 1.300105929 -1.222544789
C 0.601407170 -0.054097477 -0.720640481
H -0.587453544 2.516462088 0.192225188
H -0.900937736 -2.144432783 2.557482958
H -0.835667312 0.308648378 0.845019519
O -0.357092083 -1.698727250 0.696664333
