14

C 0.980318248 1.576599360 0.082522243
O -0.073120512 -1.554394841 0.418157279
C 1.898660302 2.612797737 0.579622328
N 0.047265071 1.622839093 -0.809126318
N -0.563827991 0.390258998 -0.827410519
H -2.518663645 -1.003179312 -0.359522939
C -1.114131451 -2.288675547 -0.252038181
H 2.473975658 2.288411140 1.473838687
C 0.083945736 -0.310055017 0.045245986
H -1.008930683 -3.296157837 0.128596544
O 2.011226654 3.682005405 0.059174038
H -0.899210334 -2.267342806 -1.323944569
O 1.063003063 0.373386234 0.682402074
O -2.380510330 -1.826492667 0.102483347
