19

N 1.408531666 -1.763641477 0.733241379
H 2.177392483 -1.119892478 0.647614121
H 1.410103202 0.554758430 -1.452725649
C 0.380444050 0.863341749 -1.206764460
H -0.234131709 0.609584749 -2.080389738
H 1.397749901 0.623430610 1.172534943
C 0.371004164 2.323707104 -1.049487472
C -1.643237114 0.297555417 0.173510030
O -2.098639488 -0.146212101 1.427116871
H 0.302323252 -1.694377184 -1.086129904
H 1.727065921 -2.697590351 0.532561719
N 0.367843717 3.469815254 -0.932009697
H -2.148029089 -0.277559668 -0.617292404
H -1.445910931 0.171748504 2.056874990
O 0.430166513 0.678683400 1.239597440
H -0.621464789 -1.954420328 0.412909687
C 0.217797264 -1.401813507 -0.031800404
C -0.124282703 0.105413735 0.043727785
H -1.874726534 1.357468128 0.016910743
