21

H -1.554283142 0.267340541 0.761974573
O 1.619250536 -0.031368934 -0.269266635
C -0.406445265 -0.869193077 -1.351022840
C 0.293984115 -0.523988664 -0.025024546
H -0.581929088 0.035582773 -1.926651120
C -0.369009346 1.958459258 0.208246112
H -0.136516616 0.538085997 1.776472926
H -1.231899142 4.015182018 0.330363065
H 2.313705444 -2.279510260 0.173583716
H -2.402320385 2.661583424 0.768388271
C 1.310508490 -2.679134846 0.354435652
H 0.649128318 2.337640047 0.177639261
C -0.504422367 0.550945163 0.747180343
H 1.362268925 -3.430366039 1.155535340
H 2.074718952 -0.050301556 0.595703065
O 0.399970919 -1.673965096 0.805250049
H 0.960654676 -3.173075199 -0.560541511
H -1.378334999 -1.337880015 -1.138389230
H 0.200091541 -1.559509158 -1.930284977
O -1.157232046 2.295833111 -0.950362980
C -1.461889267 2.947640181 0.296771765
