16

H 0.228902295 1.654250741 0.880800247
H -2.912279844 0.589655817 -1.565602064
C -0.101128615 0.463816851 -0.909880102
H 1.800812244 0.019062541 1.826851487
C 0.801682234 1.070600867 0.146279335
H -1.822739840 0.232046410 0.484467059
H 0.067564592 0.697984278 -1.953098178
C -1.444444418 -0.028596414 -0.510082543
H -0.329034328 -1.146498561 1.549135208
C 0.357928663 -1.224352360 0.706367493
H 1.541447163 1.743782997 -0.287699163
C 1.465591788 -0.160553291 0.806402326
H 0.754308343 -2.247391701 0.686751366
O -2.398440361 -0.223444328 -1.495418549
N -0.339137942 -0.971905410 -0.579629421
H 2.328968525 -0.468458116 0.214355692
