14

C 1.076859236 1.718813062 0.394834965
C -1.349172115 -0.836143911 -0.159332484
C -0.031291492 -0.467790961 -0.108966999
C 1.202235341 -1.291960597 -0.313606769
H 1.772541285 -0.948411763 -1.172801614
H 0.906526148 -2.329713821 -0.487469465
H -1.744744539 -1.814413667 -0.336863130
H 2.032519341 1.192595005 0.212005749
O -1.238009691 1.391752839 0.283072531
C -2.144901276 0.351513088 0.087730169
N 0.005238566 0.874012709 0.186782286
O -3.333600283 0.554328322 0.132983729
H 1.868506074 -1.260383844 0.558548152
O 0.977293670 2.865803957 0.723082960
