21

N 0.185627908 -2.537670374 1.133329511
H 0.997898221 1.513591647 1.837794900
C 0.425367594 1.340520382 -1.171268344
H -0.797621369 -2.445503473 -0.682143629
H 0.967069089 -2.124391317 1.616089344
C 0.086480916 2.359287977 -0.066616707
H -0.910245657 2.793075562 -0.030993940
H 0.822891474 3.148306131 -0.038070530
N 1.124834061 0.425351143 -0.150556922
H -0.569478929 -0.436929047 1.961939573
H 1.009120226 1.709176660 -2.014045715
H 0.344177663 -3.539682150 1.103904963
C -0.693133593 0.198435158 1.094448805
C 0.429491401 1.247602224 0.952521861
H 0.932396412 -2.199486256 -0.852023065
C 0.071701132 -1.979895949 -0.207913727
C -0.599915087 0.240449637 -1.462332368
C -0.128268227 -0.468153685 -0.184155598
H -1.725718260 0.561337888 1.066350579
H -0.322580785 -0.326566786 -2.357653379
H -1.650093913 0.521145165 -1.548605204
