20

H 0.546894908 1.785102129 1.095727801
C -1.560783505 -1.543667078 0.055825051
C -0.338623673 -1.962926745 0.450339645
C 1.600301147 1.566457510 -0.754888952
H 2.050724745 2.558836699 -0.704504132
H 1.400354147 1.332465410 -1.807538271
H 1.004828334 -3.612526417 0.231083497
H -0.994899154 2.364325285 -1.485399365
H -2.471648216 -2.128358603 -0.072997563
O 0.475381911 -0.871958494 0.429153085
H 2.319739819 0.834806323 -0.380545795
C -0.735952675 2.552635431 -0.442429781
C 0.294937342 1.535997391 0.054363519
H -0.584124565 -4.015007019 0.892441928
H -1.663247466 2.503515720 0.139151931
H 0.620007455 -3.200561523 1.905036569
C -0.315870941 0.173898697 0.070379362
N -1.529261827 -0.176770687 -0.194639325
H -0.323708206 3.565885782 -0.370013773
C 0.204950452 -3.262149096 0.889454544
