20

H -0.768810153 -0.530163765 1.863558888
H 0.330426008 1.589230418 1.094951391
H 2.472141981 -0.892497718 0.357396841
C -0.604008675 1.236012459 0.650274217
C -1.801266551 1.948415756 1.303748846
C 0.467647433 -1.198638082 -1.278183222
H -1.714054585 3.037912846 1.192525029
H -1.846662045 1.726950407 2.385105371
C 1.650761485 -1.129659057 -2.145011663
H -2.739864349 1.629589915 0.856624603
H 1.671048760 -1.695098281 -3.075905800
O 1.718106747 -0.390919060 0.657652378
C -0.673832834 -0.282412946 0.798327982
H -0.374176562 -1.817010164 -1.614252806
H -0.553267360 1.488577127 -0.418992460
C 0.530623376 -1.045315504 0.233833045
H -1.584134102 -0.661428571 0.311551571
O 0.697685361 -0.057838637 -2.093516588
H 2.625330687 -0.887434840 -1.728226662
H 0.496305197 -2.068271160 0.648538888
