17

C 1.079368234 -1.287766337 -0.119822159
H 0.206773162 2.393155813 1.578884721
H -1.263575315 2.644984484 -0.484929651
H -0.179286420 0.598982811 1.621165276
C -0.736481845 -0.548868716 -0.759314835
N -0.333756715 -1.812236547 -0.383031279
C 0.637620687 0.047103930 -0.816137135
H -2.727097273 0.377725035 -0.900349081
C -0.066746667 1.502922773 1.020534873
C -0.938909769 1.645610332 -0.196266577
O 1.444127321 -1.107553005 1.220592618
H 1.812269449 -1.937980056 1.551328659
H 1.054884315 0.065218881 -1.829123735
N 0.572661936 1.430956125 -0.297358811
C -1.670773506 0.440519452 -0.683638453
H 1.814490914 -1.875424504 -0.684798002
H -0.705568850 -2.577350378 0.162263706
