18

C 0.169813290 -1.285493851 0.944747686
C -0.970323205 0.732536793 0.448679984
H 1.615755677 1.477405787 -0.223117575
C 0.251460999 0.037274789 0.249138579
N 1.375768065 0.527417004 -0.427658260
H 2.552306890 -1.129687071 -0.879734397
C -1.491120577 2.068687916 0.633607864
O 0.922288597 -1.926564813 1.580993056
C 2.009688854 -0.337440729 -1.388456106
H 2.705778360 0.235778823 -1.997963071
O -1.624093533 1.053156734 1.649064302
N -1.117579699 -0.275915354 -0.450102210
H -2.036693096 -1.602949858 0.995917976
H -1.199143410 -2.429256678 -0.365626901
H -0.803138673 2.878707170 0.839707434
H 1.262908220 -0.806167483 -2.050082684
C -1.201637864 -1.573716879 0.296172708
H -2.422039270 2.356228113 0.144712046
