18

H -0.242987186 -1.708870888 1.815056920
C 1.515631199 0.499758482 -0.022493027
C 1.186365962 -0.974834919 -0.303949922
C -0.810915887 0.915974796 -0.984375834
H -1.278794885 1.305280924 1.513849139
H -2.239264965 -0.460979998 0.192771599
H 2.168943167 0.867890477 -0.826104403
H -1.606123805 1.660786629 -1.111004114
C -0.285552293 -1.409047484 -0.086017400
O 2.010205507 -1.757417202 -0.710332036
C -1.182877541 -0.174662307 0.045986973
H 2.089037895 0.551466227 0.915238798
N -0.594401181 0.654067934 1.134481430
H 0.433073401 2.391042709 0.234544903
H -0.450400174 0.596238792 -1.970875502
H -0.563323677 -2.008499861 -0.957858026
O -0.377729475 -2.267778873 1.039259315
C 0.229113534 1.319584250 0.081821725
