19

H -1.283787012 -0.864632010 -0.949542344
O 1.960866451 -2.151694298 0.393425256
C 1.379973412 0.562397420 -1.346680522
H 3.315546513 0.765304804 0.062643141
H -0.953059196 -0.556700587 2.081318617
H -2.801180363 0.916425765 -0.046046175
C 0.494950414 -0.080733784 -0.224461168
C -0.982602239 -0.280019432 -0.076836452
O 1.225967646 0.802852571 0.743521869
H 1.574876547 -0.006194478 -2.268463135
H 1.151725173 1.615346074 -1.530919909
H -2.372029543 -1.260717273 1.281244397
H -1.407932758 1.691463113 0.737675786
H -0.807479084 -2.075190544 1.178244948
H -1.500194669 1.627085447 -1.035384536
C 1.696746588 -1.046698332 0.058362644
C -1.725042939 1.073342204 -0.111365840
C 2.324433327 0.364240259 -0.133216977
C -1.291777492 -1.095876336 1.186480641
