13

N 0.119220234 0.828841984 -2.504902124
C -0.823234200 0.277893096 -1.783172250
H -1.983867645 -1.137060881 1.852869987
C 0.993204951 0.499314427 -0.549693525
O -1.901684284 -0.890559077 0.939084291
H 2.540600538 0.436137170 1.021476269
N 1.265014768 0.981730819 -1.760012388
H 0.574542284 -0.616815627 2.513102293
C 1.529922843 0.250756860 0.704117894
N -0.351392210 0.085195735 -0.522812605
C -0.659264684 -0.411133498 0.715994954
H -1.802173972 0.001707859 -2.110127687
C 0.499110997 -0.306008786 1.484074593
