21

H 0.134407595 1.260995865 2.478662729
H -2.248425245 -0.137299970 -0.601029098
H 1.006230474 2.602388382 1.699587107
C 0.381550193 -1.658188581 0.301064104
C 0.833631635 1.520912409 1.674608707
C 0.307662874 1.076107264 0.350928277
C -1.247879624 0.144156322 -0.922187269
C -0.060393624 -2.876485109 -0.466793329
H -1.081347704 -2.740528822 -0.842693329
H 0.941519618 2.818301439 -0.817557573
H 0.988247037 1.284006715 -1.802824259
H 1.795843720 1.040522456 1.897781253
H 0.590663671 -3.072077274 -1.314721584
H -1.545333385 2.389560223 -0.358370841
C -0.853593409 1.585839868 -0.546303570
O -0.592649460 -1.104400039 1.209159493
H -1.090972066 -0.136504427 -1.961342931
C 0.575166702 1.797434449 -0.944288790
H -0.045051422 -3.754359007 0.176287502
H 1.392394543 -1.706305504 0.712088466
C -0.181672215 -0.334076315 0.077944979
