22

C 1.459048152 1.188985229 0.306088507
H -0.713980079 -0.541352570 0.951585889
H 1.440747976 2.150492191 -0.228114307
H -0.926927567 -1.981052279 -1.159090877
H -2.842960119 -1.973163247 0.457759112
C -0.704504251 -0.134694204 -0.063640065
H -1.593535304 -0.572600365 -1.984259129
H 0.576045990 -0.208896920 -2.423609495
H 1.312445164 -0.848372638 -0.369617701
C 0.760360599 0.098714299 -0.498141527
C 2.712674141 0.929385126 1.111303806
H -3.485484123 -0.515523374 -0.289288342
H 0.931091845 0.444443047 2.358706713
C -2.900040150 -1.409786701 -0.479513049
H 3.495587826 1.679549217 1.116492152
H -3.453150034 -2.019105434 -1.213521361
C -1.502582073 -1.055585027 -0.991885722
C 1.415934920 1.252293706 1.818922877
H -1.203796148 0.854683042 -0.011263847
H 3.074209452 -0.092136122 1.167294741
H 1.307062030 2.227283478 2.286184072
O 0.841752052 0.526440144 -1.862392664
