16

H -0.514548957 2.051176786 1.339311600
O 0.324836433 0.227027953 1.790178776
H -1.679195166 0.782821715 1.763946176
H -0.116404831 -1.798404098 1.494512200
H -0.642684937 -1.497784615 -0.758226871
N -1.398465991 1.174706817 -1.180843592
H 0.725662410 -0.121293694 -2.353152037
C 1.132549763 -0.454695195 -1.396525264
C -0.824577510 0.581491232 -0.226923227
H -1.791460514 2.070848227 -0.892680824
H 1.821467638 0.311502188 -1.026742458
C -0.003086306 -0.689435899 -0.382237196
C -0.734264314 0.980708480 1.234917641
H 1.703367591 -1.373568654 -1.550957322
H 1.525480986 -1.262197137 1.097710133
C 0.471323401 -0.982904017 1.047712088
