15

C -0.832779109 1.155559659 0.445104718
C -1.862700343 0.001597934 0.344904751
O -1.270357609 -1.160769224 -1.903121829
C -1.122493148 -0.511297822 -0.922176600
H -0.883007705 1.969965100 -0.279620677
H 1.167516470 -2.029669046 -0.916822255
H -0.707848728 1.506667376 1.476381302
C 1.489555955 -0.331858069 0.039413534
C -0.009114167 -0.107739553 0.086244613
H 1.837357402 -0.606660664 1.054292440
H 1.962515354 1.552192211 0.160699546
O 1.832772493 -1.347668409 -0.855651081
O 2.171053410 0.814659536 -0.427777410
H -2.903783321 -0.044697039 0.637929380
O -0.868686676 -0.860281825 1.060199618
