19

H -0.348302633 -1.144146085 0.880621076
C -0.472506255 0.985270619 0.653841257
H -2.251642227 2.450494289 1.982781768
H -1.253479362 2.488654613 3.463031769
H 1.209677935 -0.335286975 0.919045448
C 0.240567043 -0.345389932 0.419957370
C 1.229164600 -1.872662902 -1.348029256
H -1.472170472 0.977677882 0.190125853
O 2.105170727 -2.307399511 -0.627898932
H -0.537185729 -0.698526442 -1.609219551
C 0.420953810 -0.628355384 -1.081525564
O 0.075002313 -2.305647135 -3.449068308
C 0.918591380 -2.639209509 -2.648620605
O -0.581210792 1.197740078 2.047013998
H 0.090170652 1.812450647 0.182883829
H 1.556105256 -3.540965319 -2.777821779
H 0.965285599 0.206975788 -1.554488063
C -1.219220519 2.413078308 2.371107817
H -0.674971342 3.285248041 1.986262083
