25

H -1.663325787 -1.145116091 0.968903840
H -1.650660634 4.955488682 2.613793135
N -1.621373773 0.893260300 1.069853425
C 2.072715759 -2.975410700 -1.412647367
H 0.629481018 0.405466318 -0.238989338
H -0.587246060 1.645933032 2.754747391
H 0.862895906 -1.617461681 -3.572266102
H 1.896085739 -0.835292339 -1.460245013
H 2.680211306 -3.044522524 -2.316875219
C -1.087653399 -0.231683314 0.868566036
H -2.000934362 3.506589890 0.811731756
O 0.471234411 -1.675299168 -0.231436849
H -0.361972660 -2.511041403 -2.649262905
C -0.881095171 1.943215013 1.734646440
C -1.749041915 3.175854683 1.830432296
H 1.002035737 -0.415304303 1.290107369
C 0.333388269 -0.439420164 0.414308488
H 0.051421564 2.204859495 1.213401318
H -0.328521520 -0.740124762 -2.590611458
H -2.695055008 2.898854494 2.316987991
C 0.298015952 -1.643308043 -2.630958796
C 1.226161480 -1.703822613 -1.426826119
H 1.433437943 -3.851704597 -1.353210568
H 2.742179632 -2.982859135 -0.549461186
O -1.072383761 4.182850361 2.545311213
