19

C -0.456770241 -1.623770237 -0.280279636
H 1.947975278 1.268404365 -1.674881339
C -2.013548613 0.313388914 0.052292649
N -0.128507376 0.867398858 -1.416318536
H -0.479338944 -0.711048841 2.607777357
H 2.240381718 0.192128956 0.874031305
C -0.492330223 -0.021533053 1.751072526
C -0.740209222 -0.158100858 -0.627670228
H -1.244840860 -2.192075968 0.191559404
C 1.219328642 1.130604386 -0.875159264
H 0.160368681 -2.188486099 -0.962479353
H -0.131894678 0.704879582 -2.408019543
O -3.017401457 0.756332576 -0.414085805
O -1.868038297 0.144582540 1.384518147
C 0.204167932 -0.526222348 0.494450152
H 1.228982806 2.053972960 -0.279612988
H 2.078371525 -0.870232701 -0.526573598
H -0.083672389 0.943210423 2.058989763
C 1.576975465 -0.083433539 0.050389022
