23

H 1.292533159 -1.163430929 1.038369656
C 1.524021387 -0.477949202 0.222685277
C 0.279185325 -2.014495850 -2.796919107
H -0.618378997 2.045653820 -0.158531398
H -0.169944704 0.201497287 2.332342386
H -1.132323861 -1.540036678 0.101604164
H 0.448636830 2.548185110 2.962081909
H 0.538200557 0.517891288 -1.406388521
C -0.517501593 1.068768620 0.329054594
C -0.704403400 -1.140295386 -0.823748708
H -1.212920308 2.254414797 3.466394663
H -0.596106172 -1.702732921 -3.390772581
C 0.244264677 0.021336079 -0.466963410
H -0.886948526 3.184923172 1.997000575
H 0.630038261 -2.978513241 -3.184380054
O -0.058746107 -2.222014189 -1.446387529
H -1.532826900 -0.783101141 -1.431183338
H 2.096384048 0.358669341 0.633268595
H 1.070438147 -1.273106337 -2.923238993
C -0.557637513 2.332871675 2.602808475
O -1.717075706 0.714358091 1.028150439
H 2.152461767 -1.012534857 -0.482088923
C -0.571350038 1.059642315 1.796842217
