20

H -1.951758146 0.559965312 -0.090643406
C -0.001036237 1.907050729 0.838786066
H -0.280345619 -2.088249922 1.528082728
H 0.446127087 1.875244856 -1.261344790
N 0.396312773 -1.493504643 1.177128673
H -0.802065253 2.665528774 0.770124555
H -0.273162544 1.180732608 1.614437103
C -0.815009892 -0.995863795 -1.099279523
C 0.093400560 1.171397090 -0.497906327
C -1.224926353 0.476944029 -0.898052394
H 1.236220121 2.911609888 1.956867933
O 1.259045839 2.488791704 1.091214538
H -1.581622481 -1.715167642 -0.833193302
C 0.410420895 -1.068490863 -0.198318705
C 1.160430431 -2.272851229 0.154262573
O 1.082818151 0.140206993 -0.413573682
H -0.512440741 -1.188149929 -2.129906416
H -1.667356610 0.908281147 -1.794641256
H 0.789876878 -3.236757755 -0.189933479
H 2.235071659 -2.226716995 0.275888532
