17

C -2.260341406 -0.179202229 -0.174693346
N 0.823963761 0.913500428 2.886204720
H -0.173722506 -2.089757204 -0.682960391
O -0.271248490 0.469785541 -1.528089762
C 0.010958955 1.135631800 0.431957066
H 1.575715423 1.527853131 -1.239110231
C -0.769897342 -0.042292133 -0.272366017
O -2.801058292 -1.023510218 0.485338122
H -2.821792603 0.568942308 -0.761994839
H 2.199086189 -0.592172623 0.373001546
H 0.092637502 -1.608059525 0.998487651
C 0.450954109 1.022516251 1.795041680
C 0.124920622 -1.278118849 -0.036090843
H 1.925985932 -1.083031893 -1.318153739
C 0.927388072 0.783345520 -0.776018500
H -0.507896423 2.088071823 0.263846964
C 1.474346519 -0.613501847 -0.444399923
