19

H 1.493626595 -2.093495131 -0.665440381
C 0.380035937 1.138749480 -1.399003029
H 0.515856922 0.283829510 1.995960355
O -0.309080273 2.359155655 1.123779297
H -1.460897565 -1.274446726 -1.008739114
H 0.065094672 -3.221407890 -0.558817804
H 1.854674101 -0.378064960 1.032582641
H 1.328294396 1.678544998 -1.363374710
H 0.256957114 0.653587043 -2.373827219
H -1.913355589 1.208148003 0.473978549
H -0.592196643 -2.099056482 1.685160756
C -0.543250978 -1.115169406 -0.454697073
O -0.743091524 2.011846542 -1.117990851
C -0.881307065 1.460842609 0.191824615
C 0.757993221 -0.279780000 1.091011882
H -0.703409970 3.219276428 0.942162991
C 0.472079128 -2.232607603 -0.340041041
C -0.027063170 -1.593798161 0.912599027
C 0.049040429 0.273846596 -0.167129010
