21

C 1.255757213 0.542153120 -0.025884697
H 0.052097078 -1.137898445 2.076699972
C -0.564214766 -0.674606502 -0.033373859
H -1.697595119 -1.186461329 1.858199239
C 2.046614647 1.314970732 -0.959856451
C -0.774145603 -0.690606534 1.528239846
H 1.727941632 0.562690914 0.953752458
C -1.680969954 -1.246249676 -0.872374833
H 1.446206927 -1.738917470 0.033093438
H 3.256105185 2.500019312 -2.459663153
C -0.806550443 0.863447726 1.541380286
H -0.630391121 1.617767692 -0.613986909
C 0.896760106 -0.925372601 -0.453639448
H -0.205290824 1.384030819 2.298745394
C 2.682861567 1.951249123 -1.758558512
H -1.524041891 -1.017976522 -1.932220697
H 0.995988429 -1.042299986 -1.541343331
H -1.827153683 1.247202992 1.602590799
H -2.661592960 -0.853851497 -0.576741397
H -1.719469666 -2.335946083 -0.768082619
C -0.268916517 0.866654336 0.103024527
