21

C -0.999218047 0.598170698 0.751947045
H -0.705747068 -1.750655174 2.139282465
H -1.136766076 1.637253284 1.034823418
H 1.037301779 1.349400997 2.708112955
C -0.241028592 0.413476527 -0.586307764
C 1.006996155 0.048747908 0.133000448
C 0.174318999 -0.172072172 -3.022632122
H -1.940415382 0.051060718 0.817032993
O -0.095107213 -1.558500290 1.426433206
H -1.127132177 -1.199962497 -1.615946293
H 0.432234943 0.849429011 -3.302710295
H 1.603111744 -0.296151251 3.054180145
H -0.016451066 0.207577616 3.550537586
H -0.264715642 -0.667755008 -3.890884876
C 0.190048054 -0.160393432 1.433516383
H 1.107985258 -0.687576473 -2.776335239
H 1.895431757 -0.490878224 -0.136062443
O 0.843687296 1.327093363 -0.516655922
H -1.711775661 0.373234332 -2.118188381
C -0.793127179 -0.173673272 -1.842197180
C 0.740368247 0.302173525 2.759053946
