21

N 0.118906833 -4.233331680 2.138419151
H 0.683401942 -0.228129312 -1.607315540
H -2.313788414 -0.891661704 0.636020482
H -0.171177894 -1.071536541 1.957930088
C -0.078766845 -0.158621341 -0.818441927
H 1.389278054 0.713732481 0.525201380
C 1.523479462 2.976382494 -0.965913415
C 0.376407504 0.933153510 0.177220821
H -0.515046656 2.937359810 -0.136751875
C -0.104122773 -3.170788050 1.747830629
C 0.322775930 2.305350780 -0.454823583
H 2.486660242 2.459553957 -0.906761289
H -0.264027745 0.932392955 1.064346552
H 0.044974457 -2.349143982 -0.826907694
C -0.348146409 -1.530483484 -0.232884496
H 1.588930845 4.064276218 -0.971755087
H -2.227874994 -2.664915323 0.187746301
O 0.583692908 2.407817125 -1.868033528
H -0.987579882 0.187340379 -1.329770803
C -1.690374136 -1.756593823 0.425506920
C -0.417602390 -1.862153411 1.259136915
