17

O -1.943189979 0.006594148 -1.903642774
C -0.847404122 -1.152100205 0.276692003
H -0.746853769 -1.908917904 -0.517026901
H -1.926036835 -1.081284404 0.478045195
C 0.693039775 0.876289546 0.525371075
O 0.762490928 2.093351126 0.500599921
H 1.678764820 0.381226957 2.366249561
H -0.364143014 -1.548491359 1.180228233
H -2.447904587 0.511402190 -2.541009426
H -0.227671564 1.192578673 -2.006005287
C -0.303610802 0.155671820 -0.140902132
C -0.994296432 0.857431889 -1.271747470
O 1.912953615 -1.267514944 1.248880148
H 2.753198385 0.586859703 0.980051816
H 1.646802068 -1.615464926 0.415072650
H -1.460069418 1.787476659 -0.890658796
C 1.813930631 0.124890909 1.299802661
