15

O -2.068713188 1.868937135 0.097363248
C -1.588533878 1.311005116 1.055868387
O 2.166360378 0.064427912 -0.390409648
H 1.089504004 0.158357382 -2.090262175
H 0.906857550 -2.119712353 0.331549287
C 0.959493041 0.405829579 -1.031688452
H 2.065389633 0.242036536 0.556456745
O 0.182508931 -0.014057204 1.896586418
C 0.006157890 -1.862850308 -0.268783540
O -0.733464837 -2.716098309 -0.710004747
C -0.505568862 0.237873301 0.931854606
C -0.244956315 -0.373702824 -0.434193909
H -1.868557334 1.533349037 2.106191635
H 0.751786232 1.486697555 -0.973829210
H -1.118263125 -0.222092479 -1.076698184
