16

C 0.604019940 -0.392920822 -0.501387298
C -1.431960583 0.517283440 0.967058659
C 2.925444603 -1.138301730 0.611767828
C 0.715014696 0.973189414 -1.015713453
H -2.714594603 -1.196563125 0.299431920
H 0.923027098 3.074386358 -1.848036528
H -1.779120088 0.462307781 1.985772967
H -0.371559858 -1.416847587 1.166917801
C 1.881486893 -0.787373304 0.108607136
H 0.443734944 -1.059911966 -1.359329700
H 3.844667435 -1.445041180 1.050896764
C 0.830522656 2.092922211 -1.459532261
H -2.117532492 -0.127712563 -1.046129823
C -0.562634051 -0.613272011 0.466943294
C -1.979196668 -0.469013304 -0.035194527
H -1.211320519 1.526868224 0.607927084
