23

H 2.301746130 -0.577849984 -1.520578980
H 2.595183611 0.801328421 -0.485700935
H 0.527072191 0.653437555 -2.740763903
H 0.509571075 1.564551711 1.038902164
H -2.068058729 -1.776780963 -0.866064012
H 0.718527079 2.037964582 -1.670833468
H -1.556644797 -2.148232698 0.765465021
H -1.825963497 0.729649186 -0.172912538
C 0.754349470 -0.227212876 -0.102514908
C -0.068388976 -1.209595323 -0.495642990
C 1.818193555 0.274498463 -1.039108753
C -1.475960255 -1.395812988 -0.027176548
H 1.623055458 0.419447213 1.731252909
C -2.104311228 -0.101409562 0.482022852
O -1.759299517 0.224529222 1.818053246
H 2.027178764 1.588423133 -2.767206669
H -0.312138021 0.552025616 3.147542953
H -3.196307421 -0.186092511 0.465502024
H 0.277026713 -1.880334258 -1.277708411
C -0.421485603 0.013334638 2.197323561
H -0.259582609 -1.053440452 2.416042328
C 0.653610945 0.502699196 1.220152736
C 1.242625237 1.194872618 -2.116047621
