18

C 1.239637375 -0.152368397 -1.061981201
O -2.262161016 0.612118483 -0.651751578
C 2.204806089 -0.607458293 -0.055429954
C -2.188447237 -1.626372457 0.747075617
H -2.787548304 -1.898850560 -0.125420660
H 2.689870834 -1.582669973 -0.137517750
H 0.981895864 3.443278074 1.782446027
H -2.796468973 -0.983180821 1.398687482
C 0.753557086 2.694841862 1.060839295
H 2.120826006 -0.201966837 0.953098953
H 0.997146606 -0.822419643 -1.889693022
C 0.488045603 1.857798576 0.237259835
H -0.100601889 1.364570260 -1.710121393
C -1.188694119 0.172561914 -0.357492059
O -0.991290987 -0.943403900 0.368302196
O 2.579018831 0.338737518 -1.080176711
C 0.138738260 0.864021719 -0.761008024
H -1.878330469 -2.529237509 1.282882690
