19

N -0.180879757 1.951640964 0.292921782
H 0.742493033 -0.143225417 -1.174395919
H -0.977903426 0.306994736 1.308451891
H 0.774612665 2.172322750 0.488150775
H -2.072381258 2.698943853 0.043405645
H -1.433291316 4.840587616 0.383582234
H -0.881701827 -2.013771534 -0.593294501
C -0.628071785 0.586202621 0.308873564
H -1.489866018 0.496322125 -0.369817674
N -0.633013189 4.201704502 0.431029141
H -0.159637704 -2.117946386 1.000516653
C -1.042373180 3.009642124 0.252926767
H 1.687807202 -2.373604774 -1.390376925
H 2.042831182 -4.421925068 -0.577435076
C 0.471680224 -0.381745696 -0.142717347
H 1.361848474 -0.209730834 0.464005262
C 1.100370884 -2.793395996 -0.572823346
N 1.262202501 -3.959444284 -0.119980685
C 0.055273127 -1.849571228 -0.033022180
