20

C -0.861593783 0.261878878 1.946782708
H 0.002063685 2.300750494 0.444026351
H 0.693618357 -2.585392237 -0.877174020
H 1.716482759 -0.487838328 1.116575956
C -0.434462458 -0.518895864 0.744778335
N 0.406894118 -0.577624440 -1.448038816
H 0.741447628 2.175540447 -1.216738105
H -2.186342955 1.451867580 -0.423889816
H 2.194164753 -1.650645733 -0.973582983
H 0.981598139 -0.068629250 -2.105131388
H -1.465439200 1.317049861 -2.112632990
C 0.944684148 -1.212065339 0.800365806
C 0.011486882 1.789400816 -0.502210975
H 0.965016246 -2.064197779 1.477506876
C -1.311161518 1.291528702 -1.038378716
C 1.141775131 -1.589259982 -0.676607132
C -0.288711518 0.302549481 -0.542343795
O -1.925753713 0.838502407 2.022572279
H -1.194627643 -1.285154462 0.571998358
H -0.131138831 0.310634851 2.792122364
