17

C -0.851145864 0.735798120 0.871573508
O 2.681129217 0.308028936 1.081326485
C -0.055100422 -2.772454739 1.560772538
C 1.586403966 0.446258038 0.613398910
C 0.088838272 -1.630150676 1.191808462
C 1.065122962 1.311595559 -0.550388038
C -0.256739974 0.530277610 -0.465164095
H -1.466997981 0.845803380 -2.194350243
H -1.824712157 0.278666109 1.031010985
H -0.175103262 -3.771776676 1.891109586
H 1.649930596 1.112923980 -1.450897813
H 1.015250444 2.398616076 -0.385699511
H -0.309146166 -0.475902945 -2.371182203
H -0.691344500 1.657501578 1.428005338
C -0.977413356 0.009214784 -1.661031604
H -1.762346625 -0.697135031 -1.380486846
C 0.283374906 -0.287263662 0.790194988
