21

O 1.663335681 1.161455750 -1.895516872
C -0.308879703 -0.457444102 1.538138270
H -2.249511957 0.015150445 -0.263682365
H 0.075786874 -1.406891346 1.895902991
H 1.418511987 1.155096054 1.178459883
C -0.223154038 -0.074227266 0.080874458
H -0.575456917 -1.996203780 -1.549034595
O -0.585857332 1.649970531 1.782049179
H -1.145452976 0.409311980 3.377262592
H -2.307124376 0.453849554 2.016770840
H 1.653905869 -1.104807496 -0.117016859
H 1.717680812 1.409808993 -0.965741277
C 1.206054211 -0.173720986 -2.026675940
C -1.250583053 0.474881262 2.289021969
H 1.980114222 -0.773532391 -2.505918503
H 0.342758864 -0.136554405 -2.699145317
C 0.779828966 -0.890089631 -0.741954148
C 0.382611483 0.833099842 1.128388047
N -1.381594896 0.309164137 -0.679472864
O 0.222308815 -2.176923037 -1.047716856
H -1.415282488 1.318605542 -0.794992983
