17

O 0.723680437 -1.141672850 -2.171080112
H 1.524904132 -2.009710312 0.680958688
C -1.111265063 0.440708846 -1.552400947
H -1.647565007 -1.018439651 0.484555155
H -0.947347581 1.198896050 -2.321871042
O -1.087663770 0.078880042 2.070479155
N -1.197504997 1.050204039 -0.201587901
C 0.130857199 -0.464362144 -1.375341773
C 0.219486505 1.309348941 0.085666142
H -2.005941629 -0.144864261 -1.827704310
C -1.000340700 -0.165134653 0.717337489
O 0.793423355 2.302381039 0.386412293
C 1.649624944 -0.928508937 0.728061438
C 0.469344079 -0.212801158 0.095505714
H -0.828066111 1.010824680 2.212654829
H 1.750109553 -0.643964469 1.787978768
H 2.564264774 -0.661785424 0.200375840
