21

H -0.539678097 2.692649126 1.537521124
C 0.902741432 -0.329425186 -0.433505237
C -0.502328098 0.203029037 -0.725544751
C 1.039891005 -1.840548635 -0.681169152
H 0.939171135 1.074828386 2.759122610
C 0.599318981 0.874792814 1.740314603
C 1.281499743 0.027239438 0.983260214
H -1.555347681 -1.500842214 -1.543024182
H 2.171842098 -0.451710910 1.373950839
O 0.286355048 2.191998243 -2.046572447
H 1.584673166 0.164915293 -1.130716562
C -1.680947900 -0.773648739 -0.733017743
H 2.071267605 -2.152998924 -0.539825022
H 0.765960753 -2.091393232 -1.710066199
H 0.418978870 -2.429225445 -0.008504923
H -1.498287916 1.261782169 1.887816310
N -0.937956631 1.499490857 -0.107585430
H -1.747044563 -1.321966648 0.209481344
C -0.354832172 1.525260329 -1.267060280
C -0.627995014 1.625274420 1.321970463
H -2.617281675 -0.249499887 -0.886846185
