17

H -1.634214759 1.510868788 1.921946406
O 1.874708772 -3.021614790 -0.257391036
C 0.279412836 0.121848889 -0.098276593
C 1.505477071 -0.655443728 -0.471954167
H 2.258998632 -0.560697615 0.311145663
O -0.366435438 -1.129338503 1.960244417
C -0.534931183 -0.240962923 1.182285905
H -2.626389265 0.364661276 0.966210902
C -1.639644742 0.833818138 1.068019509
C -1.128960490 1.438959360 -0.249734730
C 1.226662397 -2.121694803 -0.723563731
H 0.366281182 -2.307915926 -1.399348617
H -1.694179654 2.228407145 -0.743483841
H 1.909160972 -0.231319278 -1.401294112
H 0.693817019 1.895078182 -0.973651886
O -0.819434106 0.248536646 -1.037893772
N 0.329670340 1.626809239 -0.053260926
