14

C -0.267253727 -0.364369035 -1.005592704
H 0.625809669 -0.791552842 -3.012661457
H -1.716710329 -0.175291687 -2.628842354
H 1.247780919 1.563983798 2.883155346
C -1.479812980 0.284726650 -1.636901259
H 1.765836477 -1.031658053 -1.578581929
C 0.533805370 0.730742574 2.844926834
H -0.385072559 1.044185996 3.351768732
C 0.036168125 0.027246309 0.340969831
C 0.255105495 0.354983807 1.467079401
C 0.738981187 -0.942653537 -1.938778758
O -2.118061066 1.178484678 -1.168483853
H 0.971470118 -0.111543544 3.401185274
O -0.208046943 -1.767285109 -1.319242835
