21

H 0.515538692 0.911960840 -2.634749651
H 1.440328479 -1.773993969 1.113817453
C 1.097836852 2.851038933 -1.987695098
H -0.914144993 1.390897036 -0.671391487
H -0.719606996 -2.943819046 1.081646323
H 1.961791277 0.945548832 -1.607071042
O 0.724639356 3.427214384 -2.972439766
H -1.031749487 -0.011394274 1.747740984
H 0.137883499 -1.071454048 -0.909063697
C -1.389871120 -2.073639631 1.135720015
O -2.219506979 -2.105525970 2.285844803
C 0.956639826 1.364896059 -1.749706030
H 0.482173681 1.706183910 0.355225056
C 0.928913474 -0.818464875 1.147864223
H -2.699743748 -2.941872358 2.286525249
H 1.596514821 3.399507284 -1.148978710
C 0.119612433 1.075690389 -0.493437916
C 0.158334419 -0.374055147 -0.078981869
H 1.438871026 -0.055139344 1.724057913
C -0.580173016 -0.805786669 1.160428643
H -2.004281998 -2.097792149 0.214644566
