16

H 0.301395565 2.409073353 -0.717030168
H 0.816968143 -2.881382465 -1.977861047
H -2.648737907 2.767069340 0.706478477
C 0.795331836 -3.105498552 -0.906651080
C 1.501759887 -2.007294178 -0.140848979
H 1.289519191 -4.064260960 -0.716924310
C -0.850488603 2.179548740 1.116001487
H -0.254643112 -3.186416149 -0.607104838
C 0.302633226 0.369813293 -0.213120461
C 0.851827860 -0.705625951 -0.164079905
C -0.367728293 1.658532858 -0.258258939
O -1.824868441 3.192161083 0.979143023
H -0.012209597 2.647426128 1.643605113
H -1.223267198 1.584017634 -0.946885467
O 2.539002657 -2.194815636 0.483233094
H -1.216495872 1.337651134 1.720304370
