16

H 1.321043849 1.878330946 -1.527427793
C 0.428869069 1.115386248 0.307406992
H 2.494273186 1.099720955 -0.439159691
C 0.076695837 -0.752456844 -1.183480740
C 1.464192152 1.075019121 -0.802997947
C -0.371960759 -0.162741140 0.087167293
O -0.716246307 0.003163774 2.143195629
C 0.487595052 0.085734569 1.360115528
H -3.014178991 -0.985029340 1.881053090
N -2.635650158 -0.881978691 0.942603409
H 1.328684449 -0.480992377 1.748357177
N -0.564598858 -1.584722161 -1.878120422
O 1.285159469 -0.192671373 -1.475322604
C -1.464526057 -0.415133595 1.018816710
H -0.029704940 -1.838165998 -2.699904203
H -0.089646913 2.036535978 0.517697632
