23

O -0.695541620 -1.533281684 -0.047442902
N -1.172230840 0.380233377 2.160976887
C 1.633282423 -0.848899066 -1.798143029
C -0.689622045 0.797617674 -0.113351554
H -2.171736002 1.877400517 1.049641490
H 0.332582772 -1.133761048 2.377560854
C 1.547485113 -0.596259236 -0.282518178
H 2.129861832 0.295519412 -0.020659622
H -0.247819051 -2.319240808 0.273722798
H -0.224614471 1.084281683 -2.284225464
C -1.801116943 0.848785579 0.933053374
H -1.693414927 1.992714524 -1.669800401
C 0.138919532 -0.193721309 1.837737083
H 2.570872545 -1.364870429 -2.042655230
C 0.139351368 -0.420829058 0.290695339
O 0.009684117 2.020668983 -0.376163661
H -1.768905401 -0.232326567 2.689720154
H 0.802350104 -1.471660495 -2.138508558
H -2.633592606 0.217020646 0.610579789
C -0.782184541 1.440989017 -1.429336905
H 2.008296728 -1.432871938 0.257146299
H 1.638664722 0.077235885 -2.362708330
H 0.929427028 0.515253842 2.084679127
