21

C -0.077612743 -0.592712283 -0.041768447
C -0.338258296 0.630898058 -0.969372988
H 2.686303377 -2.373580217 -0.593684793
C 2.020343065 -1.556370020 -0.882987559
H -1.289053559 -2.144073009 0.902605295
C -1.362027645 -1.226519227 0.324274659
N 1.129165649 -1.260809302 0.212183535
H 1.588128090 -0.927159429 1.049064279
H 1.436339140 -1.867006779 -1.747537255
H -0.877820075 1.815147281 2.280823231
H 1.434327602 1.433037996 0.695143878
O -2.360491991 1.916626453 0.099364981
H -0.941134095 0.392703891 -1.842302918
C -0.911862373 0.010161519 1.062717676
H -2.240024805 -1.191988587 -0.317397535
O 0.969421446 1.731929541 1.480280995
H 2.660062075 -0.716975987 -1.183123827
C -1.151445866 1.252959490 0.172952130
C -0.372006297 1.376707315 1.426455736
H 0.539650500 1.181200624 -1.303549170
H -2.542002439 2.115822792 -0.824141979
