21

O -1.003515244 -3.001920938 -0.752462208
H 1.159099460 2.386872768 0.304041266
C 1.015032887 -1.894217610 0.116405852
C 0.234603122 -1.072795868 1.118131638
H -1.226903915 -3.113764763 0.176605344
H -0.741419613 2.877697945 -1.300565243
C 0.429703146 0.479999930 -0.394230723
H 1.708853483 -2.705894709 0.318829864
H 0.043816388 -1.176327109 2.175446033
C -0.151594147 -1.888076305 -0.862008989
H -1.011324048 3.596592426 0.277737796
C -0.647933543 -0.607033789 -0.109794773
H 0.059247240 -1.777675033 -1.925532818
H -1.873943329 2.136510849 -0.168844372
H 0.014878144 1.622088313 1.388049960
H -1.707416058 -0.377740622 -0.114178114
H 2.361087799 -0.172271416 0.755609751
H 0.646051586 0.658138275 -1.457110047
C 1.386886001 -0.434425354 0.367439121
C -0.917828619 2.652960777 -0.247165874
C 0.222619489 1.811282277 0.333596557
