18

H 1.000487924 -1.177439332 1.991216421
H 1.348379731 -0.120498247 -3.536432505
H -1.639791489 1.011451602 2.216958284
H 1.618433356 0.809388697 -1.391943097
H -2.410518885 0.046679262 0.916727424
C -0.387090266 0.204221100 -0.849643111
H -0.838423908 1.141282439 -1.167401552
O 0.559746087 0.023437429 -3.011903763
O -1.097673416 -1.027546167 2.173722267
C 0.088587523 -1.131176472 1.378984809
H -1.086135149 -0.598341405 -1.104052067
H 1.378866673 -0.945550203 -1.345097303
C 0.730049610 1.262847543 1.077792883
C 0.905068040 0.008155678 -1.642371655
H 0.053740188 -1.999476075 0.708865106
C -0.194981977 0.218632475 0.668695033
C -1.509461522 0.183811128 1.522383451
N 1.480716825 2.090120792 1.393498898
