20

H 0.250646621 1.722661614 -2.067018032
H 3.828214884 -1.104726791 0.616908491
H -0.371554464 2.610042334 0.152672142
C -0.062438130 0.732836962 -1.762150407
H 0.972739816 1.755500078 0.947803199
C -0.305400014 0.499446988 -0.280438751
C -0.576389492 -1.109374046 1.650319815
H 0.357001364 -0.084662512 -2.333298922
C -0.078823775 1.678648233 0.654389679
C -1.475967407 0.560943305 -1.232350707
H -1.617264509 -0.701645553 1.690702319
H -0.089759395 -2.733541489 -0.176028177
C 1.581679463 -0.933867037 0.429490715
H -2.115193844 1.448480844 -1.179589629
H -0.688963532 1.604071617 1.561104178
C 2.777625799 -1.016149163 0.528925776
H -1.985142112 -0.367627740 -1.480722904
C 0.122507930 -0.856720746 0.291275054
O -0.124554008 -1.806844115 2.520768404
O -0.398965091 -1.897472382 -0.532762170
