18

H 0.440936565 -1.287710786 1.754304409
H -0.536957681 -2.974471807 -1.426274180
H -1.225880980 1.977704525 0.906790793
C 0.062019065 -2.283225298 -0.820664465
C 0.347391158 -0.220266491 1.551339626
H 1.346938848 0.201157153 1.425835967
O -1.679539919 -0.765498817 0.160286725
C -0.497827679 0.036553394 0.328609943
C 0.461219519 2.240756035 -0.344707370
H 0.149889305 -2.727168322 0.172097325
C 1.469625711 2.805499077 -0.644693136
H -0.795002460 -0.501265883 -1.763855696
H 1.052223563 -2.218732119 -1.272731662
H 2.363792896 3.302289724 -0.922724187
C -0.597163796 -0.935416818 -0.778552473
H -1.498081803 1.591527939 -0.782636821
H -0.109705538 0.240311772 2.432764292
C -0.753876567 1.517956734 0.024811206
