16

C -0.915785849 -0.096250042 0.161122113
H 0.294371724 1.906474352 2.050904751
H 1.512453794 -0.068614624 -1.059140325
O -1.216640472 -3.380803823 -1.358465433
H 0.496784598 -1.592356801 -0.702778459
H 0.269037753 2.880252838 0.566055834
C -0.534349620 -1.413537025 -0.449203789
O -2.055119038 0.113899492 0.521678448
C 1.447309732 0.647272885 -0.259496063
H -1.216934800 2.122247458 1.159306288
N 0.088636816 0.824633420 0.248352706
C -0.144577101 2.010285616 1.052422166
H -0.485878944 -3.660570860 -1.208067536
N -1.461679339 -2.242340565 -0.606757224
H 2.129573822 0.351707786 0.548074603
H 1.792796612 1.597700357 -0.664008021
