17

H 1.769157290 -1.383431315 1.638696432
O 2.168038607 0.568429589 0.910250664
C -1.323981166 0.371305496 -1.757616639
H 0.323547691 0.182034284 2.609618902
N -0.167688861 0.252344072 -2.466197968
H -1.829276919 -0.758863211 -0.052289806
H -0.230695352 0.450756669 -3.455829382
H 2.844485521 1.067251801 0.431449562
O -2.404463530 0.596932411 -2.271960258
H -1.835314035 0.976522624 0.205248043
C 0.058035158 0.037493750 0.495551765
H 0.722783983 0.287941933 -1.974078655
O 0.914164603 -1.712041497 1.972194672
N 1.138453960 0.468417585 -0.054908756
C 0.051761866 -0.597454667 1.880063176
C -1.250020862 0.158053264 -0.229102463
H -0.948988438 -0.965692639 2.118911028
