20

H -2.494304180 -2.185090303 -0.973194182
C -0.299304038 -1.164790869 1.266430020
H 1.136744857 3.488227129 -0.864175618
C -1.133716583 -2.341470480 0.775344014
H -0.636953712 2.024859190 0.402119935
C 1.632131815 2.546530962 -1.138222694
H -0.583163381 -3.284957409 0.866771162
H 2.004096508 2.667585850 -2.158365250
H 0.983160675 -0.321753383 2.387197018
C -0.559593499 -0.116972625 0.249077752
N -1.348165989 -0.452367842 -0.697426379
C -1.483891964 -1.912323833 -0.658870637
C 0.099018477 1.234235644 0.230840266
N 0.440860301 -1.180021644 2.296386242
H 2.490643024 2.408874035 -0.470189035
H -2.036709547 -2.428816319 1.385494232
H 1.076558113 0.614163935 -1.459336281
N 0.672220051 1.465722203 -1.087406158
H 0.838046551 1.303824902 1.040164828
H -0.797676921 -2.365459919 -1.392638803
