16

H 0.150874481 -0.586080790 -2.018889904
C 0.121216916 1.991674423 -0.927337766
H -1.159817219 -0.662300110 0.808298767
H -1.064535737 0.416944772 -2.812708855
N 0.788383424 2.916735649 -1.118057847
C -0.450815260 0.166728228 0.642579854
H -1.576431036 -0.875364840 -1.721009135
H 1.689229846 -2.580870152 3.609722137
H -0.594339669 0.857344985 1.483318210
C -0.814729273 -0.102069959 -1.889605403
O 1.813058019 -0.155499607 -0.126991257
H -1.795835376 1.299909830 -0.576955616
C 1.472725272 -1.941845417 2.779915333
C 0.966089070 -0.387026280 0.707375884
C -0.792292774 0.866219163 -0.689303339
C 1.247219086 -1.224499702 1.849648714
