21

C -1.337951064 2.350252151 -0.033546213
H -1.435515642 3.429033041 -0.095238462
H 1.247457862 -2.066660881 0.875342369
C -0.161396056 -3.360068321 -0.125034466
O -0.943239272 1.696751833 -1.231188297
C 0.007302855 1.751534343 -0.163749337
H 1.953982830 2.128697634 -1.009028792
H 0.282521755 -0.833956182 -1.151649475
H 0.384037435 -3.421903372 -1.076168537
H 1.687392473 2.821497679 0.603688300
C 0.179158881 -2.084722281 0.642247140
H 0.935714900 3.565701008 -0.835191429
C 0.249619082 0.442327440 0.562868595
O 0.759458721 0.453227103 1.657129407
H 0.090240851 -4.259044170 0.457328349
H -0.336548895 -2.070550442 1.596784115
C 1.222258210 2.624667406 -0.364939392
H -1.226220846 -3.416350842 -0.360932678
H -1.258403420 -0.762284577 -0.344276547
H -2.116433144 1.846564412 0.540823698
C -0.183437660 -0.834713340 -0.145268261
