18

H -0.701579809 -2.736371517 -1.942017794
N -0.679181814 1.098680973 1.101077199
C 1.405318379 1.358168602 0.217675239
C -1.281928182 -1.242474675 -0.460801423
H 3.160729885 1.667868733 -0.457915634
C 1.170565009 2.415828943 1.068392277
H -2.156568527 -3.151675463 -1.021287560
H -0.556322396 -3.287008762 -0.272939175
H -0.540809393 2.764195919 2.263844490
C -1.167131305 -2.684141397 -0.951907277
H -1.943049312 -0.660520196 -1.122552156
H 0.587338507 -0.714701295 -1.219183445
H 1.770419955 3.261951923 1.339816451
N -0.069474079 2.205986977 1.574645638
H -1.741810679 -1.205515742 0.525936842
C 0.217389211 0.557110727 0.274316132
N 0.052054960 -0.647906065 -0.365007341
O 2.474039316 1.000522971 -0.552092135
