19

H 0.969860494 -0.254239172 -1.879467487
H 1.394472241 1.523859262 1.577017546
H 1.034005046 -2.007408619 -2.080872536
H 0.364952445 -0.567331493 1.915967107
H 1.810303926 1.047068357 -0.061968721
H -3.031856775 -0.491012901 0.487584680
C 0.276336074 -0.254226208 0.869759083
C -1.196695089 0.026689485 0.602835715
O 0.053094078 3.201450586 -0.225799978
H 1.849462271 -1.550899625 0.203651711
C 0.988077581 1.099543571 0.655167818
H -2.146142960 1.800014138 -0.119559713
C 0.561048985 -1.203253508 -1.517917156
N -2.110048294 -0.842212617 0.740014195
N -1.289008975 1.354934096 0.172014594
H -0.514232337 -1.209539533 -1.763085127
C 0.792080879 -1.402688146 -0.015024906
H 0.275727808 -2.322099447 0.305631608
C -0.081436947 2.051352262 0.134051710
