16

C -0.360687554 0.903191686 0.275635034
O -0.671779037 1.274713159 -1.034917831
O -1.084744573 0.114812709 -2.946967602
H 1.216054559 -1.833195090 -2.295062304
H -0.929657400 -1.842457175 -0.997576773
H -0.948422074 0.473999441 2.670932055
C 1.202228785 -1.441660404 -1.276899457
H 0.643891513 1.175673008 3.017247438
H -0.784025490 2.195545673 3.077286959
H 1.532383800 -2.218719959 -0.590577364
O -0.281249166 -0.443266988 0.374448508
N -0.153248012 1.738247991 1.155196786
C -0.335252523 1.362280488 2.547203541
C -0.226319477 -1.005812764 -0.941798031
H 1.893504024 -0.595091522 -1.218909979
C -0.712677598 0.141739115 -1.815241218
