18

C -0.857653797 0.146357372 0.613834202
O 1.174236774 -1.096222043 0.571758389
H -1.804488778 1.651305437 -0.640729666
H 0.905989289 0.420157403 1.925281167
C 0.905081272 -2.162005186 -1.494912744
N -0.861253321 -0.786007822 -0.526228428
H 1.223641157 0.883939266 -1.097835064
C 0.658468485 0.194153994 0.891141951
C 0.210260570 -1.736682534 -0.249850079
H -0.151055321 -2.646723509 0.239148125
H -1.764979124 -1.239324927 -0.635615468
O 0.065686934 2.250978708 -0.025894511
H -1.452779651 -0.210835531 1.455193758
H -1.673448205 2.128379107 1.064512730
C -1.174025893 1.605062366 0.247516632
N 1.439542294 -2.494332314 -2.454181194
H 2.046091557 1.790626168 0.202738926
C 1.110686183 1.301173687 -0.085878611
