15

H -0.786207020 0.176525816 -2.044277191
C 0.718372762 -0.831443846 0.885060430
O -0.888583601 -2.364696503 -0.096700437
C -0.604557872 -1.242765784 0.259596109
O 0.616213799 1.013660073 -0.790690005
H -1.215577006 1.719054222 -1.270475030
H 2.727009296 1.607955456 0.001912783
C -0.748450041 0.738929272 -1.101318359
H 1.428708315 -1.660234094 0.865351975
H 0.543736935 -0.586058497 1.939023733
H -2.468923330 -0.332869947 -0.329340667
C 1.309190750 0.387217999 0.211553544
N 2.430437088 0.819161892 0.572462738
H -1.579633713 0.584648490 0.895125866
C -1.481736422 -0.029084755 0.002714492
