21

O -1.059818506 1.611188889 1.559094191
O 1.732757449 -1.713560343 -0.306713402
H -0.870905638 1.240678430 -2.041091442
H -0.832742333 -1.635509610 -1.517796993
H 1.346645594 1.397250652 0.200237632
H 1.339707375 0.803265393 2.648823738
C 0.858828247 0.472840041 0.562581062
H -2.416582823 0.400594503 -2.220494986
H 2.618307352 -0.041902170 1.757225633
C -0.602904260 -1.153741956 -0.566742539
C -0.628992736 0.831992805 0.744090080
H 1.150907278 -0.907192349 2.208777905
H -0.699411988 -1.902797103 0.223783746
C -1.786534548 0.945559919 -1.509754539
H 2.620834112 -1.371832967 -0.278643370
H 1.072070479 -0.157328695 -1.501895428
C 0.840417743 -0.614494681 -0.530419171
H -2.312299728 1.857280135 -1.214500308
C -1.476773381 0.074793324 -0.281381279
C 1.531169534 0.060721524 1.875262618
H -2.424679518 -0.197805718 0.189556748
