20

C 0.336700976 1.458211184 1.133760571
H -0.908625782 -2.571364403 0.790105343
H -0.538785040 3.111502647 -0.128755465
C 1.229765058 -0.278272301 -1.249102235
H 1.178164840 0.014048770 -2.302655458
C -1.597092628 -2.050169945 0.114031643
H 2.414702654 0.624817550 1.498160243
H -2.203989744 -2.796125889 -0.393372864
C 1.611094356 0.683529735 0.772152364
H 0.273084998 1.876012087 2.124885798
H 0.142593220 -0.761340618 1.732562661
O -0.922104955 -1.335083365 -0.909200728
C 0.330119550 -0.071551271 0.930679977
H -2.240694284 -1.403061152 0.729286194
C -0.794234633 1.097747326 -0.844663799
C -0.153177112 -0.236394018 -0.527124703
H 1.614189982 -1.306950927 -1.177859306
C -0.414878249 2.047482491 -0.002001732
O 2.054237127 0.656255484 -0.560921192
H -1.411069989 1.240706444 -1.729966998
