19

C -0.746289551 -1.701624870 -0.225759730
C -0.771744967 1.353837013 0.718415260
H -0.829114437 -1.749166965 -1.329397678
C 1.104765415 -0.095498472 -0.349861532
C 2.552825212 -0.135139778 -0.568846822
H 0.641918600 0.118611671 -1.322894692
H 1.228835464 -2.120445728 -0.027713649
N 3.684187174 -0.172728911 -0.754902422
C 0.733286083 1.070731401 0.602100611
N 0.605379760 -1.348092675 0.181821764
H -0.963601708 -2.687566757 0.188477620
C -1.714244962 0.493300349 -0.157349661
H 1.262584090 1.976249576 0.260929435
H -2.725012302 0.886191130 -0.087427534
H -0.975979805 2.399879217 0.477483898
H -1.080882549 1.219097137 1.760368824
H 1.162396193 0.816968799 1.575082541
H -1.424738169 0.536424816 -1.222498059
O -1.744568944 -0.861027181 0.281971633
