25

H 1.853859425 -0.462412328 -1.479296446
H 1.893244982 1.324964285 0.497114509
C -1.445337176 -1.185792208 1.059339166
H 0.436231643 -0.855017126 1.799144268
C -0.826386213 -2.237110138 0.095261604
H 1.940008640 -1.370587230 0.021228854
H 0.709519386 1.765298843 -1.599787354
N -0.401460111 -0.299538136 1.593942761
H -1.546216011 -2.813277483 -0.485748947
H -2.102322102 -1.667246699 2.025062323
C 0.264857918 2.171231031 -0.681753635
H -0.096565656 3.166962385 -0.946193933
H -1.622295976 1.256084681 -1.130603075
H -0.153526738 -2.940100431 0.593748748
C 1.334352374 2.260458946 0.401927471
C -0.632643223 -0.082389638 0.197776258
H 2.050626040 3.048906565 0.173148409
H 1.654302359 -2.217254400 -1.489957809
H 0.906698525 2.452837229 1.386380553
C -0.082621679 -1.159540892 -0.744721472
C 1.419736981 -1.303958654 -0.928463638
H -1.479059696 1.824136853 0.528706968
H -2.593982220 -0.925837994 1.115450621
H -0.535973489 -1.070466876 -1.728415489
C -0.945047319 1.319650888 -0.273290724
