16

O 0.234368280 -1.581819296 -1.554576874
C 0.669138014 0.257464737 1.719129682
N -1.932898641 -2.250154018 0.893427610
H -0.323841721 0.590897024 2.026862383
C -0.924384058 0.536373734 -1.162407756
H 1.725439072 -0.194428131 -0.117183514
C 0.199573711 1.316844344 -0.630902290
C -0.340367049 -0.754473448 -0.559035659
C -1.232563496 -1.602224946 0.233966649
H 0.883413255 -0.695255160 2.202018738
H 0.730185449 2.163310289 -1.050830841
C 0.738412678 0.133376062 0.205316380
O -1.125664234 1.516435742 -0.148672998
H 0.836120486 -1.021020889 -2.072425604
H -1.528663754 0.595076740 -2.064688683
H 1.391732216 0.989597201 2.080003262
