19

H 0.650272906 -1.288554788 0.135585949
C 1.650987744 2.181534290 0.484425217
H -2.017162085 -0.413405925 -0.747901320
H 0.573980033 2.005428314 -1.487593651
H -0.702621698 -1.047151923 1.242865205
O 2.293728828 3.183192253 0.565612435
C 1.009379745 1.245262623 1.516706228
C 0.997348309 1.413717747 -0.667932749
N -1.155545354 -0.952047527 -0.850502431
C 0.045907184 0.771674335 0.375768840
H 0.585437119 1.698296905 2.415542603
H -0.583751202 -2.893240213 -1.372922063
H -2.238095999 -2.456284046 -1.835839152
H -0.893783629 1.341758728 0.424866408
H 1.703596234 0.687858760 -1.093547344
C -0.281615227 -0.703377306 0.283081830
H -1.868300676 -2.871257305 -0.146919236
C -1.481301188 -2.353691816 -1.055121303
H 1.711539268 0.450287610 1.813825011
