18

C -0.870682478 1.168576241 -0.762693524
H 1.369891167 -1.877588749 0.795564473
H -1.832037449 0.637899518 -0.724191546
H -0.214902461 0.003082551 -2.479548931
H -0.398280025 1.178032756 2.679022551
C -0.182590067 -0.689828277 1.500964522
H 1.630786777 -2.626215935 -1.185724378
H -1.049951434 2.049919844 -1.404879928
C 0.696132123 -0.988093793 -0.875073791
N 0.798727751 -1.086194277 0.496500432
H 1.060031176 0.937292278 -1.693781734
H 0.161739275 -1.115744352 2.462123394
C -0.508686543 1.644837260 0.631719828
C 0.175185472 0.297536671 -1.502308249
H -1.177575469 -1.150066853 1.305702090
C -0.353864223 0.802610576 1.658780217
H -0.427509159 2.713546515 0.798768044
N 1.123586059 -1.899602294 -1.700943589
