19

O 0.990773320 0.713075340 -1.354021430
H -1.891795039 -0.742259860 0.583606958
H -2.006214857 1.564017177 -0.927836239
O -0.218658432 2.052607059 0.057293184
C 0.217547268 -0.065367274 0.879345298
H 1.090826392 -1.989208579 0.278735489
H 0.009574021 0.423124135 1.840907216
H 1.929822206 -1.169542789 1.588249564
C 0.796246231 1.068347573 0.005513072
H 0.216488570 -0.416526288 -2.829745293
C 0.365243584 -0.482636094 -1.748723030
H 1.015215278 -1.337753177 -1.546738267
H 1.733535528 1.510954857 0.356242448
H 0.397389621 -1.968270540 1.882190228
H -2.090204716 1.694671273 0.849401116
O -0.914372325 -0.693787873 -1.190961003
C -1.479127407 1.351115465 0.014050679
C -1.118836284 -0.143354982 0.103878468
C 0.956546962 -1.369205594 1.158611417
