17

H 0.859615326 1.998668671 -1.134791136
O -0.292059839 1.088640690 0.926349819
N 2.196722031 0.279690683 -0.774427176
H -0.633461058 -2.085169077 1.086944699
C 0.177793652 0.153924748 -0.067540340
H 1.357574224 -1.645035625 -0.509570718
C -1.500655890 -1.509946704 0.736032963
C 0.924925983 0.912987232 -1.199126005
H 2.753771067 0.880571187 -0.183876649
H -1.901570916 1.555142045 -0.347899079
N -1.158732057 -0.440560132 -0.103236780
H 0.647135973 0.580636859 -2.209573030
C 1.436212897 -0.709371448 0.053426962
C -1.630915999 0.861272335 0.450549990
H -2.392629147 0.793675601 1.227116585
O -2.636877060 -1.792492390 0.996352792
H 1.793151975 -0.922634423 1.053267241
