22

H 2.408995867 1.266728282 -1.053114414
H -0.304641604 -2.581646681 2.256944418
C -0.390087336 0.503519297 -0.663552225
H -1.633142829 -1.783732414 0.266426355
C 0.126289308 -0.542574584 0.354335517
C 1.842121482 1.847161412 -0.312485814
H 2.207196236 2.874049664 -0.324824363
H 2.054244995 1.417655826 0.677193046
N -0.775344908 3.995255947 -1.182203770
C 0.376232684 1.792892694 -0.619740427
H 1.023305893 -3.064405203 1.195227146
H -0.538589537 -3.895673513 1.092837214
H -0.354155779 -2.287652016 -0.815335333
H -0.051385581 -0.157054305 1.381407976
C -0.547066450 -1.909093499 0.201208189
H -2.193126440 1.272773981 -1.236448169
C -0.068983346 -2.918895721 1.241705894
H -2.033032656 1.131790638 0.391233772
H 1.201487660 -0.664095223 0.239547178
C -0.266041070 2.972633600 -0.925566792
N -1.830071211 0.665190697 -0.496262610
H -0.254205316 0.065170288 -1.668532252
