19

H 2.388215780 -1.242376089 0.096323989
H -2.698614120 -0.011760972 -1.138955235
C 0.321139991 1.295407653 0.891636789
C 1.576658607 -0.533809721 -0.110279672
C 0.197566554 -1.230584383 -0.219878927
C 0.209205016 -1.074125171 1.326761723
H 0.974667668 2.174045801 0.865572333
N -0.192979887 0.601353228 -1.810779810
H 0.735368729 -1.893227935 1.841589928
H 1.877766132 0.158703059 -0.895500898
O -2.117742777 -0.666737974 -0.732933521
H 0.080435447 -2.208023787 -0.683752835
H -0.396272600 1.447783709 1.715454817
C -0.800204933 -0.213365391 -0.768114805
C -0.465869933 1.202240109 -0.436449677
H -1.188170910 2.004467249 -0.503152430
H -0.745030046 -0.878687739 1.824698210
N 1.141690135 0.105061136 1.196374774
H -0.897829413 0.963637888 -2.458614826
