21

H -1.572286487 -2.422145367 -0.154493451
H 0.054177918 0.337054223 2.522709131
H -0.058344226 0.974615633 -2.169306517
C 0.011271331 0.402004302 -1.238443971
C -1.102064729 0.785210311 -0.223148838
C -0.282026619 -1.082753897 -1.442898393
C -0.968258262 -0.407362461 0.763619125
O -0.979348302 2.060225010 0.340730548
H 2.115848064 -0.049840990 -0.958981872
H 0.729785383 -1.165154219 1.875200033
H -0.108658887 2.099173069 0.765703917
H 2.241686583 0.528846443 1.316272616
H 1.728084922 1.677442193 -0.830558002
H -1.839318037 -0.497916698 1.428055525
H -2.074984312 0.734093666 -0.726365268
C 1.387721419 0.665534437 -0.563184142
H -0.519454598 -1.476519227 -2.422340631
C -0.868062735 -1.600574732 -0.197884172
O 0.464019567 -1.967369676 -0.584036648
N 1.320444822 0.599701583 0.897060156
C 0.319766462 -0.194263920 1.602290154
