21

H 0.953042746 1.927818060 -1.679417968
C 1.005482912 0.992776871 1.396852374
H 2.330917120 1.005886316 -1.009669185
C 0.868196845 -1.154913902 -1.611923695
C 1.270345926 1.280334115 -0.856770098
C -1.281529784 0.202456146 0.461005181
H 0.365467221 -1.128282070 1.240632772
H 0.544005752 1.465566993 2.270298004
H -2.493294477 -0.915542185 1.847258329
H -3.284351349 -0.586279154 0.286353916
H 2.006090879 0.607569575 1.689913988
H 0.782790184 -0.902311146 -2.669798613
H 1.913418651 -1.410113096 -1.389357448
H -2.022702932 -1.829805017 0.394164801
H 0.245578200 -2.035684109 -1.417725205
O 1.101169586 1.973253489 0.372840166
C -2.335848570 -0.842011988 0.766055346
O -0.991208613 0.300915778 -0.961026788
H -1.583343506 1.192434549 0.842720509
C 0.412757099 0.008647066 -0.754186094
C 0.193016529 -0.152716458 0.781779885
