16

H 0.368013769 2.193503618 -2.695163965
H -0.016226485 -0.408015341 2.929216623
H -0.267334878 1.236612320 1.077374578
N 0.017058941 -2.953843832 -0.554791868
C 0.495061517 0.892125428 -0.893552840
H 1.427463651 -0.684860110 1.075346351
C -0.274507642 0.437225938 0.320031047
C 0.189114749 -2.009494305 0.089691795
C 0.338728279 -0.836716413 0.966539145
H 1.542770743 1.140586495 -0.726607978
N -0.177847549 -1.174697995 2.278912067
H -1.255433679 1.645031929 -2.018382788
H -1.315985560 0.245605677 0.053301573
H -1.167593122 -1.372979760 2.237345457
O 0.270918310 0.146083429 -2.092017651
C -0.174201071 1.503833413 -2.047241449
