18

H 0.887750030 1.159355521 -2.101396084
N 0.134332210 -1.077808619 0.133195132
H -0.202163607 -2.974991798 -0.716348350
H -0.322725296 2.792349339 -1.062468171
C -0.510386527 1.795524478 -0.643541217
H -1.516651988 1.490408778 -0.952372849
H 0.535600841 2.229858160 1.194508672
C 0.346895874 -2.530450821 0.112285912
C 0.635342121 -0.445722342 -1.027147651
O 1.201042414 -1.113678455 -1.888231635
H -0.354613155 -1.231877446 2.112558126
C -0.343266726 -0.482190937 1.308335543
H -1.181861997 2.648285389 1.202386022
H 0.002162374 -2.963314533 1.052695513
C -0.460438251 1.882340908 0.882294297
N 0.514897764 0.916933298 -1.183748364
N -0.777398109 0.670103192 1.603580832
H 1.411481738 -2.765123129 -0.026586339
