25

C -1.700028419 0.103471853 0.270108014
H -0.371750832 -1.344912291 3.181530952
H 0.999037087 2.100797653 -0.553519547
C 0.647944331 -1.029561162 -1.988169074
C -0.927663982 -0.936569154 1.045086861
H -1.950855374 -0.298569828 -0.716373265
H 0.577979147 -1.306230664 -3.046229601
H -0.154169336 -1.521439433 -1.448685765
H 1.588454843 -1.433330774 -1.611604333
H -0.800659359 1.913609624 1.040301561
H 1.653194904 1.017305613 1.380811453
H 2.259104252 -0.027065651 0.128673032
H 1.111213684 -1.767392755 1.240987897
H -0.297009915 0.865274727 -2.429794788
C 1.341864705 0.330386907 0.597515762
H -1.436446428 2.072443724 -0.580693483
C 0.574645519 -0.830831587 1.222863197
C 0.523165822 1.129180074 -0.463918269
H -0.449221820 0.418765098 2.756485939
H -2.657230377 0.310917586 0.766603172
C -0.338755220 -0.599093139 2.402305603
C -0.895720243 1.383478165 0.086265594
H 1.454501629 0.894437492 -2.374402761
C 0.568532348 0.499362558 -1.869901061
H -1.320127845 -1.944435596 0.963752627
