13

N -0.522452235 -1.449167132 0.918385684
H -0.494343638 -3.319133282 1.014908195
H 0.252802461 2.810976267 -0.305090636
N 0.744039476 0.977160096 -1.333115458
H -1.218348980 0.474463969 2.211719513
O -0.978619099 1.297965169 1.750616431
O 0.869195282 -1.260753274 -1.908660293
C 0.202931091 1.729773641 -0.295229048
O -0.192868903 -2.661831617 0.384542763
C -0.139158159 -0.460292548 0.191918686
H 1.258117676 1.338229895 -2.122149229
C 0.554325163 -0.392903119 -1.139598966
C -0.335620075 0.915511549 0.631751835
