15

H 0.715545058 -4.222358704 1.838078856
C 1.041425467 -0.890348494 -1.226738572
C -0.234237820 0.068826929 0.518695474
N 0.180956408 1.216501713 -1.532065153
H -1.445217252 2.959906816 -0.785522938
C 0.646270394 -3.306848526 1.328332424
H -0.656250715 0.058494419 1.506678939
C -1.091100454 2.421403408 0.102394305
H -0.428704709 3.095860004 0.661227763
C 0.565396547 -2.255001545 0.747810543
H 1.649287462 -1.672088981 -1.649917483
H -1.937199116 2.193633556 0.753673017
C -0.358300179 1.180407047 -0.318452835
N 0.885557473 0.186999872 -1.982127309
C 0.466571540 -1.035386920 0.037932675
