16

H 1.533396482 -1.239576459 1.320365191
O -2.539741993 -0.105336033 0.055410232
O 0.790940464 -1.243188262 -0.662680089
N -1.322613239 -3.360201359 1.146728635
C -0.730088472 1.129284620 -0.983368754
N 0.625543833 1.527970910 -0.587836266
H 0.763094962 1.274069190 1.515759110
C -1.361716509 -0.049771968 -0.213041916
C 0.975479901 -0.643041670 0.595853090
C 1.202473283 0.863524556 0.584353864
H 2.273203850 1.088511229 0.618642032
H 1.247786641 1.429591894 -1.370798230
C -0.371105492 -1.126531363 0.178009957
H -0.780944347 0.847833753 -2.048911095
C -0.899683535 -2.372813702 0.700565994
H -1.406025529 1.979674101 -0.849051833
