20

O -0.522974610 2.843348980 0.298658848
C -1.651700139 0.642276168 0.102660753
H 0.180976942 -2.460332870 -1.449715376
C 0.263616502 -0.709823370 -0.184519842
C 0.876065791 -1.455142856 1.002194166
H -0.297493905 1.289015174 1.671076298
H 1.953534126 -1.593996763 0.858514130
H -1.982849836 1.044868588 -0.872559786
H -2.501876593 0.647141457 0.782705247
C 0.675777793 0.794902444 -0.203236878
H 0.419031322 -2.437905312 1.104746461
C -0.448160142 1.460955977 0.584674776
O -1.171578646 -0.683323860 -0.009750340
C 0.570318937 -1.440617919 -1.492222071
H 0.731769204 -0.910173059 1.935830116
H 0.657215178 1.190430403 -1.226143122
H -1.175604463 3.247384787 0.873450816
H 0.104093350 -0.940454483 -2.332445383
H 1.648835301 -1.498911738 -1.655891180
H 1.671003819 0.970358431 0.211972475
