13

C 0.663073719 -0.349799305 0.039972298
N 0.904222846 -1.178004980 1.064823151
C -0.069818482 -1.164134860 1.949063659
H 0.052847248 -1.795410752 2.827897310
N 0.694600284 0.807244658 -1.901393175
H 2.307321072 -0.457115501 -1.436366439
H -0.724520624 2.157306671 -1.082081676
H -1.411488771 0.733429134 -1.870957732
N -1.455211043 0.312104762 0.909644127
N -0.505358040 0.360420346 -0.004768261
N -1.229233861 -0.468241215 1.917077184
C 1.341619611 -0.037373286 -1.150059819
C -0.568053842 1.079574347 -1.262850285
