13

H 0.439997822 -1.225687504 -1.103047609
H -1.128565431 1.141643763 0.154523894
H -1.860819221 -0.427479029 -0.179657191
O 2.464436769 0.341029972 -1.061254501
C 1.329542875 0.707059622 -0.935899436
C -0.414978385 -0.436211854 1.387123466
O -1.215839624 -0.055303942 2.386970758
N -0.357595503 -1.774483085 1.407824159
H 1.098667145 1.781548381 -0.691537321
C -0.918790042 0.062895365 0.051368315
C 0.804494798 0.008211144 1.686875343
H -0.356486499 0.052101176 -2.030229568
C 0.115934975 -0.175323874 -1.073060632
