16

H 0.819586813 -1.318684101 2.235638380
H 1.733424902 0.096765511 2.129922390
N 2.090610981 1.484725595 -0.208690286
H 2.647270679 1.102523685 0.553305864
H -2.540365934 -0.790252328 -0.912379205
H -1.905053854 -2.282134533 0.799385965
N 0.117767505 1.180546880 -1.345829368
C -1.564243078 -0.356005162 -0.741360068
N 1.278446674 -0.653591931 1.627673626
C 0.983134270 0.835009813 -0.304713726
H -1.668052197 1.049794555 -2.375547171
C 0.485043854 -0.233591199 0.571516156
C -0.724210143 -0.826359034 0.315660030
O -1.110381246 -1.870037675 1.126984119
C -1.109690309 0.641617537 -1.548085213
H 0.466711015 1.939672709 -1.923481345
