19

C -0.935707569 0.924993873 2.003562927
C 2.395979881 -1.799767256 -4.188741207
C -2.411884308 1.113234401 2.298309088
C -0.678840220 0.259494305 0.651740491
C 1.921061993 -1.372000098 -3.065693378
H -1.198647738 -0.707498431 0.612347364
H -1.089226007 0.867079496 -0.152228564
C 1.498705387 -0.937391341 -1.952918053
H -2.889140129 1.726795673 1.531443954
C 1.143313527 -0.507707894 -0.861068249
H -2.935677052 0.156228453 2.324588776
H -2.569006443 1.609282494 3.255408764
H -0.417194545 1.895126462 2.028076887
H 1.357369781 0.988587379 0.533643007
H 1.219058752 -0.605483830 1.201406956
H 2.086766958 -2.723156691 -4.679599285
H -0.475157380 0.332465470 2.796325207
C 0.822645962 0.037151758 0.413138807
H 3.155578613 -1.257433891 -4.749743462
