21

H -1.088664651 1.406731844 1.682149053
C 0.670922160 0.199326828 1.339782476
C -1.250977159 0.164646015 -0.933089435
O -1.364120722 -1.654403448 0.200881958
C -1.667281270 -0.261519432 0.510169804
H -1.938741922 -1.780377626 -1.814709067
H 1.243425608 0.801311612 2.051080704
H 2.650072098 -0.653582692 -0.818922758
C -1.148191810 -1.358946919 -1.189421058
H -2.004041672 0.692765892 -1.501373768
H 0.982684374 -0.840541005 1.511045694
H -0.176337942 -1.718761683 -1.540506601
H 3.152548552 0.586409986 0.323205501
H -1.099650264 -0.117524475 2.569694519
H 0.284028888 1.536651134 -1.805556774
H 2.743578434 1.029675007 -1.337679505
C 1.033949852 0.555647135 -0.093228184
C 0.084929444 0.848670840 -0.986827195
C 2.469246387 0.380672753 -0.497618794
H -2.742368460 -0.154682577 0.710710287
C -0.835010409 0.337831080 1.620213389
