14

H -2.138645887 -0.219624594 0.931480825
N -1.721909881 1.151523113 -0.738582551
H -2.959399223 -0.620828569 -0.644081056
C 0.413846701 -0.031730644 -0.045706570
C -2.147424221 -0.115778595 -0.147317201
C -0.830987811 -0.010745735 -0.832512200
N 1.769459248 0.608760595 1.603949189
H 1.844975829 -1.409750223 -0.999162197
C 2.398474932 -0.243840992 0.831290722
O 0.469216704 0.723621488 1.056275487
H -1.406938791 1.782557487 -0.017342560
H 3.430036068 -0.489478439 1.057234287
H -0.721669674 -0.431896567 -1.822929621
C 1.600965738 -0.692788422 -0.232596576
