22

C -1.361494303 0.491107494 -0.505159855
H -3.515316248 -1.332900763 -0.179201424
C 0.762819707 0.198727503 0.424776107
C 2.338591099 2.074482918 1.115371704
H -2.793023586 -2.664536715 -1.093316197
H 3.166808605 1.403842449 1.366307259
H -2.306948185 -0.442583174 -2.194412947
C -1.749117255 -0.760784864 -1.321402788
H 2.626790524 -0.873611629 0.213660598
C 1.640281439 -0.974397302 0.694716156
H -2.271252871 0.932364881 -0.081248656
O 1.344977856 1.923725843 -1.067644596
C 1.472297072 1.462007403 0.032483988
C -2.570198059 -1.768001318 -0.497065991
H -2.025256395 -2.068968296 0.392791659
N -0.506973088 0.141523257 0.628503501
H 1.159938335 -1.878959775 0.341169119
H -0.888813853 1.221153617 -1.162305593
H -0.833386600 -1.241000772 -1.674283385
H 1.755591750 2.221616745 2.028896332
H 2.735538244 3.020706415 0.766692281
H 1.818146348 -1.085513234 1.770672917
