23

H -2.590517044 -2.069025517 -0.009323913
C -0.293127567 -0.353817731 -0.581032336
C 1.285471559 -0.458519995 -0.542040050
H -0.288877398 1.110613227 1.850362539
H 1.730958343 0.358806044 1.434625506
C -1.269210696 0.713607669 1.581724763
H -0.538551152 1.757579207 -0.652003944
H -0.655444562 -1.075384736 -1.330342531
O -3.494768858 -0.269355208 0.113111883
H 3.100431681 -0.384964377 0.614955485
H -1.781621099 0.454379410 2.511946678
H 0.919794619 0.408982575 -3.136963844
H 1.850849152 -1.402205706 1.327995896
H 1.858390570 1.697440386 -0.885833204
O 1.675438285 0.782169878 -2.668356419
H 1.640584111 -1.285903335 -1.166974425
C 2.021828651 -0.469896495 0.791182220
C 1.270632148 0.885050535 -1.334532261
H -0.727529228 -1.368648648 1.257655501
N -0.191021368 0.976934433 -1.193784952
H -1.838313460 1.501358986 1.094091535
C -2.530597925 -0.983372271 0.233390436
C -1.154798746 -0.525828600 0.690145671
